Point_ID,Output
1,-306.143830613
2,-335.809649867
3,-279.522113151
4,-830.32927838
5,-275.726144856
6,-281.933625457
7,-299.954929078
8,-127.813804162
9,-102.329198509
10,-341.519942107
11,-337.484063465
12,-280.047429483
13,-276.267232322
14,-299.560602858
15,-508.37708356
16,-287.544368229
17,-306.167786532
18,-279.782482711
19,-258.850722096
20,-407.987584326
21,-294.898909527
22,-286.193581058
23,-174.142450008
24,-298.691362209
25,-425.680328785
26,-290.990867446
27,-308.331690326
28,-281.013961505
29,-454.048669623
30,-100.513765376
31,-327.131607177
32,-301.610242932
33,-89.6070154176
34,-219.724691739
35,-290.117339651
36,-386.76614821
37,-328.344858584
38,-534.033165682
39,-266.813208772
40,-270.626976305
41,-306.807543772
42,-274.102636673
43,-362.136915641
44,-281.053638954
45,-303.923605195
46,-291.125668124
47,-308.315065624
48,-298.537155681
49,-324.949919644
50,-343.336292927
51,-284.190454421
52,-246.161448926
53,-273.567352072
54,-410.818520992
55,-271.821267175
56,-295.681467636
57,-452.793151924
58,-105.60231032
59,-530.530386356
60,-278.726032986
61,-383.164230199
62,-260.424534572
63,-529.830457619
64,-280.447683127
65,-271.917351455
66,-306.949672653
67,-315.121682834
68,-272.953764608
69,-303.178235648
70,-281.439186656
71,-270.594606552
72,-327.614186912
73,-394.274441838
74,-287.705874006
75,-91.2001888422
76,-626.407312383
77,-339.911546127
78,-313.943427929
79,-352.531628206
80,-593.549523939
81,-287.193719185
82,-276.251358651
83,-286.44692938
84,-298.675970286
85,-286.502041415
86,-133.032065959
87,-371.742723219
88,-286.474215581
89,-373.069747324
90,-852.260726254
91,-746.07543322
92,-360.760242393
93,-416.37507262
94,-287.017137172
95,-273.412993779
96,-101.941675566
97,-293.421911829
98,-277.019533282
99,-341.239224068
100,-284.843090926
101,-301.799421965
102,-289.331251737
103,-471.312156073
104,-311.010553288
105,-478.60587457
106,-292.061550066
107,-598.630074052
108,-288.547620266
109,-318.194786535
110,-272.906032399
111,-181.414734087
112,-293.851617828
113,-224.686538353
114,-277.218220728
115,-286.922725728
116,-327.930726668
117,-296.871311194
118,-277.380154817
119,-512.724249447
120,-280.362740985
121,-283.942474218
122,-271.169405914
123,-285.788518704
124,-350.374323236
125,-271.311299031
126,-290.124539221
127,-328.21335477
128,-309.428128306
129,-130.881298747
130,-282.898922466
131,-306.890107813
132,-306.768697976
133,-621.121901157
134,-198.469059983
135,-297.02659618
136,-283.082320983
137,-292.057904812
138,-305.166281633
139,-280.296247118
140,-353.925206537
141,-272.965401404
142,-151.401388604
143,-337.981852898
144,-973.731947637
145,-273.553014913
146,-374.67822358
147,-276.533757882
148,-311.323877222
149,-291.851546662
150,-362.712268015
151,-239.781917548
152,-273.786480611
153,-228.609714125
154,-320.075599537
155,-336.60486213
156,-406.511346518
157,-289.100854865
158,-336.374990343
159,-614.119578206
160,-359.788637119
161,-321.125356432
162,-122.68031773
163,-279.156408359
164,-125.356193868
165,-500.565693838
166,-254.135931062
167,-437.982958588
168,-286.157789189
169,-277.15569424
170,-306.246453594
171,-409.095296209
172,-299.719283723
173,-325.677610462
174,-284.676407308
175,-241.969054037
176,-297.494861378
177,-281.365328043
178,-267.712294144
179,-281.503736506
180,-303.194624529
181,-301.291534062
182,-283.68317086
183,-306.411058597
184,-280.028753886
185,-277.737807314
186,-273.37923757
187,-289.68286485
188,-388.522425123
189,-375.594801966
190,-314.567469504
191,-297.077554603
192,-259.404387865
193,-367.328950083
194,-356.621198509
195,-306.928735761
196,-331.157385039
197,-284.18388627
198,-112.394590188
199,-334.03294239
200,-265.061716185
201,-279.919421866
202,-351.250886897
203,-450.591231898
204,-320.364438736
205,-329.306747102
206,-298.581828383
207,-445.984380206
208,-268.750689115
209,-279.327899131
210,-291.098325947
211,-292.08593028
212,-96.389577792
213,-303.66518487
214,-283.522498288
215,-296.65307808
216,-357.834796854
217,-273.538343275
218,-484.687055671
219,-279.356425505
220,-308.508924949
221,-271.61914577
222,-330.25347565
223,-170.033165437
224,-304.224089234
225,-266.416727694
226,-462.392910948
227,-396.678423596
228,-203.574571136
229,-277.303145038
230,-327.651342388
231,-304.526005938
232,-419.928291779
233,-328.273539233
234,-271.260669909
235,-278.625173297
236,-371.366882468
237,-844.293198432
238,-313.51800083
239,-1156.11323323
240,-259.74880319
241,-320.540275899
242,-310.577291632
243,-270.380451298
244,-517.420722723
245,-310.196573027
246,-268.488037035
247,-279.140126548
248,-275.046072363
249,-352.53643116
250,-536.701621067
251,-106.886403452
252,-443.462367429
253,-413.299890766
254,-322.310149959
255,-285.636643804
256,-479.907000871
257,-308.311204826
258,-420.837407003
259,-462.432323595
260,-291.024446165
261,-312.567728297
262,-277.18364868
263,-278.126273419
264,-308.969702804
265,-593.745673524
266,-495.193053024
267,-270.626438982
268,-282.978147699
269,-120.827923377
270,-246.966395165
271,-337.39431045
272,-279.100962342
273,-264.480483497
274,-234.448071914
275,-305.938526549
276,-286.724353212
277,-447.128553246
278,-608.752486072
279,-267.415638732
280,-298.004213788
281,-292.138050834
282,-273.432395045
283,-299.54318176
284,-400.604506904
285,-280.67496948
286,-316.70999354
287,-345.119553738
288,-338.767451447
289,-492.565975173
290,-276.401013297
291,-273.196876039
292,-99.0295249895
293,-509.972508893
294,-286.566116532
295,-261.365281065
296,-374.464911908
297,-288.840449151
298,-289.727452904
299,-284.073678765
300,-274.884588854
301,-281.388179179
302,-313.199337137
303,-306.851053715
304,-372.832707775
305,-397.131313619
306,-297.088491922
307,-435.690633213
308,-880.493057413
309,-361.717300753
310,-535.421667575
311,-93.5008873449
312,-302.866570485
313,-312.905304819
314,-288.158137169
315,-305.978563479
316,-291.180382165
317,-289.365531196
318,-301.348265638
319,-290.74326138
320,-300.249949292
321,-539.658741297
322,-663.583201927
323,-286.207354009
324,-271.079732683
325,-292.304676014
326,-376.073302538
327,-333.224437647
328,-318.19824881
329,-127.140192319
330,-508.774853908
331,-310.253196392
332,-477.15298817
333,-323.323711812
334,-358.727753058
335,-272.424574631
336,-148.529386319
337,-351.889478449
338,-470.637008688
339,-313.742300069
340,-274.013538174
341,-271.017148757
342,-329.620088015
343,-274.960855971
344,-299.806786554
345,-276.699223399
346,-692.215466269
347,-341.189374471
348,-307.95014758
349,-89.6547660395
350,-293.013433009
351,-281.992633832
352,-332.358444609
353,-294.954070801
354,-319.380143238
355,-277.265613464
356,-279.810895341
357,-328.374519532
358,-511.625477802
359,-293.04810077
360,-350.142631043
361,-581.118727158
362,-291.596308375
363,-390.185583151
364,-380.886484766
365,-290.887183863
366,-744.792245957
367,-660.256189391
368,-123.160597313
369,-271.944631358
370,-340.638769957
371,-94.3848063647
372,-342.902793162
373,-326.690407334
374,-103.437342896
375,-407.94687688
376,-343.315099273
377,-653.475467063
378,-263.988561282
379,-280.723173831
380,-313.725776306
381,-324.282618282
382,-450.882760338
383,-270.625381991
384,-292.797055255
385,-947.002951885
386,-275.819913657
387,-539.617837315
388,-274.282653412
389,-279.482680359
390,-262.617137967
391,-355.764224906
392,-439.967678248
393,-483.079444988
394,-289.368388836
395,-1237.50156407
396,-281.565999347
397,-198.20330384
398,-323.120548775
399,-369.596003469
400,-270.340802603
401,-390.944835392
402,-368.706974383
403,-370.996357241
404,-285.157794344
405,-286.115146292
406,-324.842507085
407,-394.483484767
408,-371.576278813
409,-320.097580654
410,-315.088026479
411,-355.691185462
412,-330.623307017
413,-193.065690027
414,-112.981440053
415,-504.672809003
416,-102.707121971
417,-440.864543486
418,-528.532812435
419,-341.170553693
420,-301.431472197
421,-272.830686061
422,-342.827940198
423,-294.453227679
424,-274.043824164
425,-403.461133825
426,-361.949507999
427,-354.181550575
428,-282.554950169
429,-269.884718245
430,-272.341174299
431,-270.251332542
432,-460.89482804
433,-458.24330395
434,-218.796211659
435,-290.213489413
436,-275.814201937
437,-302.41398481
438,-278.604230015
439,-1080.69888935
440,-157.797039924
441,-286.928683058
442,-283.544043781
443,-268.935757078
444,-277.971565834
445,-301.785539494
446,-303.693457313
447,-383.776852432
448,-318.260951904
449,-277.830055662
450,-384.765569062
451,-320.783799432
452,-125.461517998
453,-167.725910766
454,-267.286471383
455,-285.642611718
456,-270.555223747
457,-298.489992806
458,-278.322893697
459,-88.2268372036
460,-270.192266679
461,-282.483579595
462,-292.050282532
463,-342.64990934
464,-346.866859964
465,-1273.10476747
466,-399.485343825
467,-275.964708744
468,-294.250911354
469,-289.715066396
470,-276.703189884
471,-254.239851298
472,-303.592350305
473,-303.234172811
474,-440.994974499
475,-321.593604023
476,-280.775375711
477,-548.595826825
478,-546.15940114
479,-288.301838885
480,-322.65463236
481,-338.157529781
482,-392.225337481
483,-291.281745037
484,-321.685028437
485,-293.802018101
486,-296.140237442
487,-276.556543121
488,-368.020543584
489,-288.099362153
490,-329.785221772
491,-430.710644555
492,-801.432082514
493,-94.7464963152
494,-325.332407326
495,-784.04762963
496,-120.211728642
497,-282.939707353
498,-611.785293802
499,-400.208290799
500,-278.381020151
501,-283.795508111
502,-322.192263452
503,-289.508674272
504,-294.935426036
505,-306.350900894
506,-225.06022856
507,-289.105768388
508,-536.275730828
509,-381.846380457
510,-275.036053103
511,-304.59323929
512,-338.342712958
513,-381.460340326
514,-266.725554831
515,-111.118130774
516,-98.3399480269
517,-379.876363942
518,-445.914703258
519,-365.137119102
520,-304.534495434
521,-314.067819974
522,-416.093098591
523,-273.897546155
524,-304.341084521
525,-255.282417728
526,-372.123714079
527,-262.83580096
528,-360.459207983
529,-155.739849953
530,-302.846693656
531,-245.51849017
532,-315.377496423
533,-278.634383446
534,-505.81184812
535,-302.281602369
536,-335.464612971
537,-671.633847506
538,-500.006111386
539,-155.702250099
540,-369.43582093
541,-293.126873354
542,-382.376971813
543,-273.169745506
544,-289.252954113
545,-304.33027699
546,-397.887917531
547,-532.686310961
548,-237.296406657
549,-315.588360301
550,-640.955546068
551,-209.718716961
552,-394.489278963
553,-291.243897906
554,-273.274611771
555,-773.372802818
556,-289.31306582
557,-290.153455048
558,-282.568113877
559,-503.390245306
560,-287.224577481
561,-286.546343817
562,-282.689924157
563,-333.939929548
564,-353.853786125
565,-282.850572929
566,-328.916593198
567,-301.403097903
568,-469.961554195
569,-282.816947634
570,-302.750489647
571,-328.576415433
572,-296.339142675
573,-326.248704427
574,-333.015345653
575,-276.626548001
576,-300.262559841
577,-347.012528868
578,-289.419700525
579,-309.803818894
580,-314.452354202
581,-284.40998836
582,-482.347433947
583,-344.939521883
584,-301.642820715
585,-423.382903129
586,-284.905323306
587,-310.636863176
588,-292.326828156
589,-339.198474042
590,-287.685030453
591,-341.239593093
592,-233.226839519
593,-496.565416595
594,-372.674399562
595,-313.429227503
596,-104.992924042
597,-321.29292657
598,-361.992069132
599,-120.86819435
600,-241.07369386
601,-554.210623942
602,-270.99841967
603,-266.544789089
604,-278.386228868
605,-269.901620397
606,-164.625409141
607,-271.856036077
608,-270.772118271
609,-165.367883259
610,-309.912623513
611,-274.320836214
612,-319.665842594
613,-266.129446499
614,-317.100248338
615,-282.342145365
616,-285.018703345
617,-476.386203227
618,-379.183379217
619,-396.116806581
620,-294.27346807
621,-386.969978772
622,-752.639297768
623,-280.421101182
624,-380.239078659
625,-280.221216042
626,-266.451137353
627,-376.451545573
628,-241.197275692
629,-350.946019331
630,-286.855004333
631,-288.107873001
632,-334.977137201
633,-293.823712418
634,-148.271939098
635,-328.365459588
636,-274.85895502
637,-334.914100314
638,-270.785991278
639,-342.100975365
640,-294.436166851
641,-306.636963188
642,-376.873698203
643,-302.036732371
644,-277.915828472
645,-292.8576274
646,-291.808870187
647,-160.050834055
648,-295.96328694
649,-534.912230614
650,-354.738010502
651,-337.594479385
652,-396.096110906
653,-209.46497632
654,-297.20189887
655,-279.895755044
656,-552.298853918
657,-266.394432693
658,-286.598807495
659,-317.233710865
660,-313.26114568
661,-637.843793932
662,-302.83397912
663,-127.037349201
664,-283.939044947
665,-319.72672679
666,-279.571868143
667,-279.461231731
668,-317.099322583
669,-83.5207487679
670,-269.941981386
671,-315.796439062
672,-276.720650084
673,-283.052260807
674,-295.597551557
675,-421.070598172
676,-540.693181115
677,-94.705622774
678,-218.828842679
679,-318.847031082
680,-303.091506595
681,-286.361507527
682,-1038.36056049
683,-347.72570597
684,-342.547233047
685,-284.883689959
686,-286.089381369
687,-284.133412924
688,-861.736544035
689,-115.901172993
690,-303.507131993
691,-283.129085207
692,-278.615117152
693,-278.87481058
694,-273.871240537
695,-275.541560862
696,-328.78585232
697,-345.56683032
698,-411.87280197
699,-333.632396512
700,-356.06558841
701,-298.442546083
702,-350.813544253
703,-288.424780089
704,-286.574779765
705,-371.729134209
706,-280.476333969
707,-109.560364834
708,-279.753858645
709,-272.678036665
710,-265.695906492
711,-297.859639167
712,-525.646327845
713,-383.38111595
714,-307.823845229
715,-299.606782885
716,-331.421006276
717,-271.261958317
718,-826.842029456
719,-261.711585
720,-283.690447809
721,-403.23585554
722,-356.508086879
723,-346.213938754
724,-269.376156943
725,-266.970431781
726,-253.099734247
727,-321.440702371
728,-297.245562656
729,-316.735565907
730,-318.745652601
731,-278.633843187
732,-305.518292634
733,-278.721320024
734,-273.469902583
735,-304.190398271
736,-314.073510135
737,-297.918119173
738,-270.363598836
739,-235.044915249
740,-300.885553161
741,-327.799538095
742,-294.897079048
743,-279.07549773
744,-399.395155676
745,-280.978311222
746,-300.57263117
747,-351.494706526
748,-290.950219154
749,-276.152929691
750,-281.481644319
751,-283.708792429
752,-295.755535144
753,-319.804809263
754,-273.919079115
755,-309.4400839
756,-437.952206723
757,-313.635016093
758,-512.639131104
759,-307.087208036
760,-308.027594595
761,-267.833575858
762,-344.382227338
763,-503.004174306
764,-368.490709665
765,-298.483869643
766,-129.178443512
767,-297.669217782
768,-286.351577385
769,-324.317745221
770,-325.422109611
771,-325.180581227
772,-285.152461058
773,-294.522207078
774,-302.056051008
775,-176.675116725
776,-283.689967115
777,-341.228513864
778,-277.669278444
779,-273.896404917
780,-303.873460225
781,-330.699868161
782,-342.707516004
783,-294.780926075
784,-406.604465921
785,-341.714911547
786,-280.349539654
787,-280.734923644
788,-295.308989525
789,-548.562153543
790,-690.620552665
791,-326.061396535
792,-278.306662118
793,-468.466526705
794,-274.948385758
795,-427.62996255
796,-284.431841155
797,-332.552168981
798,-376.146387657
799,-301.432132082
800,-271.554561167
801,-274.518788259
802,-360.16684473
803,-270.459932381
804,-271.761770889
805,-286.832367847
806,-299.902406781
807,-331.475720252
808,-155.671924658
809,-362.49463618
810,-286.944032935
811,-319.868154826
812,-282.196195774
813,-344.928008105
814,-340.893789464
815,-302.541086726
816,-323.405573027
817,-325.439230764
818,-123.870875065
819,-308.167359225
820,-289.176954114
821,-316.076804147
822,-401.007305825
823,-300.679070148
824,-415.893886837
825,-289.263503389
826,-580.039359883
827,-290.565114623
828,-284.335577134
829,-315.507669078
830,-304.42665358
831,-391.032706002
832,-268.48843902
833,-235.887783824
834,-443.4938697
835,-282.962017054
836,-273.231814353
837,-308.363944065
838,-289.399089634
839,-310.484236638
840,-293.336896991
841,-282.271476974
842,-1099.93605311
843,-275.921410003
844,-274.29026526
845,-276.581324689
846,-279.160215653
847,-303.900533898
848,-291.841529654
849,-83.7091831525
850,-307.075731448
851,-421.23637137
852,-309.055539149
853,-280.796539839
854,-271.257640897
855,-281.893510407
856,-329.145062049
857,-355.524202694
858,-199.886060282
859,-277.439104074
860,-325.903883558
861,-117.653025403
862,-315.61076063
863,-110.224287505
864,-277.153036776
865,-126.52565426
866,-297.017954232
867,-390.136241391
868,-268.504097986
869,-306.148745646
870,-328.774198668
871,-271.751202168
872,-274.520453936
873,-169.685119141
874,-327.091803938
875,-101.616952495
876,-289.640809524
877,-555.836293708
878,-379.533090827
879,-370.758266047
880,-332.390185078
881,-289.634410289
882,-277.968437742
883,-591.292241991
884,-312.353817855
885,-278.168753461
886,-113.783929911
887,-435.468698235
888,-341.609809735
889,-276.327519631
890,-316.796547666
891,-266.277859744
892,-280.141006474
893,-280.657094563
894,-345.438006957
895,-272.458318418
896,-263.919810456
897,-280.904280736
898,-393.394071532
899,-90.1108848326
900,-471.881851393
901,-444.27741226
902,-295.969599538
903,-273.386831447
904,-449.185630532
905,-324.677336965
906,-297.909282208
907,-318.681916623
908,-272.294939321
909,-283.67220008
910,-305.53760213
911,-268.18031681
912,-289.836310807
913,-320.034315277
914,-313.5139769
915,-272.363288293
916,-271.456143033
917,-281.183356685
918,-292.344908414
919,-282.577040859
920,-283.095635238
921,-326.738738079
922,-285.204075863
923,-276.601628898
924,-456.410851397
925,-334.539981096
926,-385.924411663
927,-314.925757521
928,-296.520997101
929,-289.862912855
930,-281.341967082
931,-346.997860372
932,-95.6029231659
933,-352.327262306
934,-276.32864697
935,-289.178274965
936,-452.857709274
937,-393.322394541
938,-300.747503579
939,-293.473065263
940,-369.189039354
941,-355.732963269
942,-326.275667613
943,-436.258347027
944,-275.932853282
945,-400.287740055
946,-407.281004127
947,-266.018889623
948,-350.423568763
949,-224.910255727
950,-153.152614522
951,-279.358656485
952,-323.982989775
953,-269.184678399
954,-360.69986328
955,-397.91068274
956,-454.315176325
957,-294.193939861
958,-438.220154665
959,-317.796047719
960,-294.83971235
961,-301.350388318
962,-425.783373976
963,-326.415426362
964,-363.063513582
965,-576.416155324
966,-293.657275581
967,-267.46728548
968,-296.065514014
969,-445.396792952
970,-385.426751792
971,-367.294233309
972,-437.875986241
973,-349.743274601
974,-315.741522833
975,-319.727078269
976,-337.925032371
977,-660.898212845
978,-297.515935487
979,-230.347238719
980,-613.244671272
981,-151.261315398
982,-338.010258829
983,-271.847821777
984,-323.507452129
985,-292.32703694
986,-229.341119114
987,-379.294145116
988,-294.007452724
989,-297.652882072
990,-280.282160286
991,-294.064951809
992,-280.387543132
993,-114.462789575
994,-674.948497883
995,-334.617928938
996,-330.104022052
997,-293.055504599
998,-203.479286598
999,-281.456384468
1000,-621.638224602
1001,-327.76079585
1002,-95.1481417092
1003,-305.363479665
1004,-355.61135839
1005,-291.246572116
1006,-282.035023771
1007,-299.452827723
1008,-303.311947347
1009,-338.518951473
1010,-114.494378509
1011,-206.950736404
1012,-272.889141718
1013,-257.848363682
1014,-276.548740063
1015,-274.987351705
1016,-258.128930134
1017,-269.878191466
1018,-338.364807545
1019,-291.953023132
1020,-357.105894246
1021,-315.666558464
1022,-285.242894844
1023,-262.419426851
1024,-353.998320799
1025,-321.816717533
1026,-334.968326739
1027,-186.717225901
1028,-683.224022255
1029,-719.429806649
1030,-227.152919724
1031,-282.774597478
1032,-392.419945222
1033,-287.271256442
1034,-333.821158814
1035,-290.103129138
1036,-107.638613675
1037,-282.401787981
1038,-277.229482494
1039,-292.995241709
1040,-292.772640215
1041,-284.200325904
1042,-264.331419567
1043,-335.334240079
1044,-455.451161216
1045,-304.459654744
1046,-213.739942839
1047,-274.549784286
1048,-312.114791463
1049,-282.387582859
1050,-279.600741743
1051,-301.117662101
1052,-278.432129051
1053,-353.980422886
1054,-367.978745843
1055,-296.041785702
1056,-288.90544706
1057,-359.030261393
1058,-415.347402097
1059,-647.953107989
1060,-314.556614839
1061,-342.442636694
1062,-295.00342919
1063,-383.097160515
1064,-274.348334767
1065,-271.532930928
1066,-276.862080152
1067,-339.32763279
1068,-336.865122779
1069,-271.153454307
1070,-275.704988055
1071,-333.04146182
1072,-492.719859303
1073,-112.186122381
1074,-275.057603349
1075,-334.396327936
1076,-294.596042669
1077,-454.341912851
1078,-340.373896964
1079,-284.309002371
1080,-355.741287054
1081,-274.87853189
1082,-317.504989659
1083,-320.032923364
1084,-329.723738722
1085,-271.519396643
1086,-351.775901965
1087,-315.509512047
1088,-274.331642684
1089,-410.569580056
1090,-285.550987182
1091,-303.344908349
1092,-450.658485732
1093,-265.187919719
1094,-425.857433114
1095,-287.165882521
1096,-332.025349384
1097,-263.035467322
1098,-272.255809585
1099,-270.335714605
1100,-266.671180934
1101,-652.857494751
1102,-309.336332175
1103,-286.20513061
1104,-304.061879632
1105,-269.083249739
1106,-292.57709875
1107,-434.975192669
1108,-306.253440647
1109,-388.369349796
1110,-331.734477306
1111,-1225.03869876
1112,-268.859896466
1113,-302.849674286
1114,-281.212166011
1115,-284.969640438
1116,-379.653267964
1117,-518.286301411
1118,-305.29741734
1119,-423.754759825
1120,-269.845144541
1121,-288.380268923
1122,-291.614711645
1123,-290.624301203
1124,-116.396860404
1125,-559.42054638
1126,-520.419627434
1127,-294.075841085
1128,-289.915438205
1129,-293.135421712
1130,-401.847717691
1131,-240.991448807
1132,-290.638151162
1133,-135.467917799
1134,-328.29462398
1135,-278.83807428
1136,-284.563437647
1137,-329.747909515
1138,-440.358699278
1139,-407.57107833
1140,-394.685548915
1141,-378.484737486
1142,-289.252751067
1143,-289.311794092
1144,-210.040588445
1145,-1015.44192096
1146,-296.027897929
1147,-277.738648917
1148,-335.248661183
1149,-312.131153532
1150,-402.10957526
1151,-415.910028846
1152,-296.606512222
1153,-276.100931445
1154,-281.039216322
1155,-299.642635393
1156,-308.114376934
1157,-589.286066652
1158,-545.471513974
1159,-399.646284163
1160,-144.075767199
1161,-250.294888899
1162,-398.370898366
1163,-132.187263025
1164,-304.452474687
1165,-283.567748832
1166,-355.439148457
1167,-294.835802467
1168,-290.448537081
1169,-283.845484617
1170,-284.662321785
1171,-274.803371816
1172,-308.725523958
1173,-394.552262323
1174,-392.417727121
1175,-415.235800005
1176,-406.814414158
1177,-147.785225567
1178,-266.021820077
1179,-286.881373537
1180,-594.852443561
1181,-306.466775637
1182,-371.523020835
1183,-282.679091492
1184,-295.076160055
1185,-273.494469149
1186,-287.39548873
1187,-288.927773109
1188,-270.473908083
1189,-273.593807712
1190,-275.275053771
1191,-455.845164845
1192,-365.023291301
1193,-267.093361003
1194,-303.678811359
1195,-293.558856581
1196,-452.871500418
1197,-331.336447213
1198,-266.942783251
1199,-474.245360241
1200,-252.81131432
1201,-313.5082553
1202,-266.605829479
1203,-289.856333957
1204,-301.612463518
1205,-202.948990782
1206,-380.31422892
1207,-285.228311505
1208,-293.209723422
1209,-291.509046023
1210,-392.476664924
1211,-193.981131276
1212,-82.8432260071
1213,-282.219528628
1214,-285.041251951
1215,-307.702356606
1216,-279.281869156
1217,-287.227190459
1218,-305.676550305
1219,-338.209302703
1220,-380.336397463
1221,-333.77896301
1222,-157.074370775
1223,-278.826926003
1224,-348.950877075
1225,-132.236384462
1226,-758.49693332
1227,-315.289547568
1228,-320.864096403
1229,-346.401110812
1230,-285.215210284
1231,-296.84463944
1232,-465.357823043
1233,-307.562998491
1234,-367.457638664
1235,-290.875289374
1236,-268.264908629
1237,-372.240468649
1238,-287.263666786
1239,-318.350015854
1240,-306.464919546
1241,-290.398787672
1242,-301.640315193
1243,-289.260435791
1244,-422.266561342
1245,-318.569560184
1246,-273.71122332
1247,-432.449426302
1248,-291.70969866
1249,-284.981096966
1250,-283.686804137
1251,-287.948491452
1252,-381.460834588
1253,-277.858704704
1254,-388.358835098
1255,-308.815402673
1256,-289.755843714
1257,-270.834542874
1258,-272.845687561
1259,-275.678324126
1260,-234.903976725
1261,-270.181427577
1262,-299.748958522
1263,-281.417974963
1264,-301.474441357
1265,-275.503775156
1266,-316.005774324
1267,-393.527157893
1268,-449.725050727
1269,-283.500768896
1270,-325.773684332
1271,-277.53419138
1272,-502.062091388
1273,-392.008560093
1274,-271.105626086
1275,-311.051481539
1276,-304.413111325
1277,-500.443930227
1278,-312.286986065
1279,-867.390196538
1280,-311.84001994
1281,-352.35265729
1282,-295.951842077
1283,-424.670347916
1284,-292.208241532
1285,-309.887765713
1286,-277.828647701
1287,-235.097470387
1288,-310.840037956
1289,-300.504623013
1290,-544.116568647
1291,-385.482540312
1292,-276.366006471
1293,-315.783472136
1294,-357.926543127
1295,-293.200380471
1296,-290.982383258
1297,-271.764837395
1298,-317.762870934
1299,-332.643679532
1300,-548.806811829
1301,-318.771252776
1302,-631.07296363
1303,-297.712138047
1304,-154.569135899
1305,-480.513104036
1306,-220.35506859
1307,-368.149571677
1308,-271.423356895
1309,-303.947039862
1310,-312.046631878
1311,-279.270445339
1312,-379.257460046
1313,-414.733583118
1314,-354.068140541
1315,-275.031254797
1316,-307.991396427
1317,-224.018823434
1318,-562.113656169
1319,-636.423283671
1320,-376.064887056
1321,-309.598488878
1322,-119.386416913
1323,-330.565506557
1324,-520.187206923
1325,-358.186698295
1326,-534.121937867
1327,-296.503097902
1328,-291.782592869
1329,-394.005422791
1330,-277.620507553
1331,-266.897418874
1332,-293.001392751
1333,-284.918688507
1334,-829.453940657
1335,-284.261401432
1336,-84.3311230451
1337,-884.283451347
1338,-138.648841012
1339,-288.550425867
1340,-423.712508677
1341,-358.263149159
1342,-284.683163763
1343,-453.705124003
1344,-381.095198788
1345,-353.638526617
1346,-137.216737523
1347,-328.914139881
1348,-308.931233981
1349,-295.115029955
1350,-300.875996809
1351,-281.977354967
1352,-353.138087455
1353,-368.727709763
1354,-146.98841673
1355,-128.97208589
1356,-302.229550364
1357,-272.091707976
1358,-295.134766394
1359,-297.717639581
1360,-269.353126413
1361,-366.221255145
1362,-303.723226415
1363,-297.122211427
1364,-301.715815597
1365,-284.806316845
1366,-246.883669653
1367,-291.656132039
1368,-279.187508723
1369,-359.676185897
1370,-334.013683601
1371,-300.508414399
1372,-292.47709143
1373,-288.494645093
1374,-339.881249074
1375,-337.211537021
1376,-342.377437665
1377,-343.729631253
1378,-269.560662188
1379,-264.695286023
1380,-437.830109124
1381,-416.742220727
1382,-283.374410097
1383,-298.184906855
1384,-264.937013116
1385,-184.972175164
1386,-280.704334809
1387,-262.523196784
1388,-315.323618903
1389,-300.824848883
1390,-294.355500862
1391,-344.609194965
1392,-151.675380767
1393,-353.844056927
1394,-289.7850964
1395,-284.179321988
1396,-397.599607869
1397,-323.926413603
1398,-279.29749229
1399,-275.437882241
1400,-86.1881489534
1401,-336.85168458
1402,-482.902925557
1403,-298.501311452
1404,-240.328830704
1405,-685.718934438
1406,-344.437517875
1407,-758.835144574
1408,-275.972227616
1409,-305.019244863
1410,-144.421312628
1411,-388.83560454
1412,-401.260333914
1413,-438.948404488
1414,-288.936512421
1415,-340.736918945
1416,-347.460357447
1417,-408.843556276
1418,-187.981952276
1419,-352.058385716
1420,-100.551456626
1421,-374.073642634
1422,-413.432053862
1423,-410.173573743
1424,-272.246945886
1425,-296.986884429
1426,-294.354981474
1427,-313.520802275
1428,-293.134380441
1429,-277.718646588
1430,-315.826951536
1431,-99.771699318
1432,-304.875293434
1433,-674.064813663
1434,-300.879931439
1435,-313.196117298
1436,-287.315669357
1437,-325.334686257
1438,-282.243016361
1439,-158.906297004
1440,-274.250070779
1441,-275.131783488
1442,-278.143361595
1443,-288.071611042
1444,-306.609344446
1445,-392.119486406
1446,-385.548048933
1447,-521.206667781
1448,-187.7368372
1449,-379.089699014
1450,-272.274226233
1451,-275.390648598
1452,-280.246350673
1453,-287.125122607
1454,-293.754896253
1455,-343.20503992
1456,-280.055604791
1457,-343.322675385
1458,-363.905398773
1459,-243.174836911
1460,-269.730381458
1461,-325.34497266
1462,-298.804915365
1463,-289.995238062
1464,-261.464743341
1465,-136.601371109
1466,-99.5138976331
1467,-352.383122245
1468,-286.468397321
1469,-508.415177977
1470,-378.999071945
1471,-267.716897894
1472,-526.603569294
1473,-569.190648386
1474,-308.151503099
1475,-292.764967534
1476,-582.457010999
1477,-285.853411912
1478,-286.672075592
1479,-338.581779864
1480,-321.72529516
1481,-341.196466677
1482,-285.932536853
1483,-96.3621510122
1484,-358.167566642
1485,-303.979662732
1486,-114.105429593
1487,-331.621751987
1488,-314.334495467
1489,-304.708011746
1490,-162.642030938
1491,-281.163054593
1492,-274.432978464
1493,-301.785319192
1494,-295.671909663
1495,-440.110932871
1496,-278.288670227
1497,-341.553019089
1498,-84.2969415789
1499,-449.936138394
1500,-306.824815997
1501,-261.341517516
1502,-292.634581867
1503,-364.338355929
1504,-268.143203407
1505,-395.912912203
1506,-872.01677152
1507,-284.980028282
1508,-317.587336275
1509,-283.440574401
1510,-268.329481918
1511,-284.142143355
1512,-315.673275245
1513,-353.064946045
1514,-512.711271857
1515,-319.379805802
1516,-126.564836837
1517,-278.695887127
1518,-280.044318368
1519,-371.673199122
1520,-300.86095065
1521,-289.263609961
1522,-297.544816518
1523,-289.128311139
1524,-344.239139639
1525,-100.77982183
1526,-282.566960709
1527,-337.817159001
1528,-434.222778164
1529,-497.417900068
1530,-344.744898834
1531,-278.331890689
1532,-278.566616138
1533,-473.680543706
1534,-273.739875839
1535,-279.921176684
1536,-288.023708405
1537,-282.379746768
1538,-315.050121715
1539,-313.34977804
1540,-281.229847806
1541,-280.718263871
1542,-382.732391118
1543,-268.565253852
1544,-316.854455437
1545,-282.185873977
1546,-353.610054858
1547,-387.11384645
1548,-418.330871587
1549,-359.339074961
1550,-275.167251199
1551,-304.290618527
1552,-273.544756443
1553,-278.914226349
1554,-334.968307748
1555,-310.623898449
1556,-203.736750097
1557,-347.91206846
1558,-270.580978182
1559,-128.91540289
1560,-361.993983419
1561,-294.494982767
1562,-249.504459234
1563,-213.473273482
1564,-411.788511827
1565,-342.200042578
1566,-291.279014342
1567,-416.881097388
1568,-288.919922098
1569,-290.740881679
1570,-276.765134886
1571,-311.450806336
1572,-446.081379355
1573,-280.072233607
1574,-303.478457975
1575,-161.413623791
1576,-319.564226524
1577,-600.540341321
1578,-288.703573224
1579,-274.303305239
1580,-300.627615253
1581,-385.336186772
1582,-428.71660481
1583,-298.390640329
1584,-270.145639598
1585,-292.25865591
1586,-286.699286647
1587,-319.551146579
1588,-141.472172012
1589,-86.2836586822
1590,-151.887453837
1591,-705.521591722
1592,-292.198980544
1593,-276.416106369
1594,-301.145014556
1595,-255.861504181
1596,-309.464999943
1597,-103.3649172
1598,-277.872493511
1599,-363.117449639
1600,-408.361730106
1601,-311.642889001
1602,-380.019684549
1603,-914.706459507
1604,-303.318775859
1605,-294.58085827
1606,-197.305418144
1607,-284.254333865
1608,-279.945209627
1609,-273.51677217
1610,-185.905996955
1611,-276.438543062
1612,-295.940169857
1613,-298.68331662
1614,-513.643543818
1615,-290.531081548
1616,-123.909530104
1617,-322.37910975
1618,-392.318875757
1619,-319.2588784
1620,-115.574488866
1621,-293.765566904
1622,-312.534187609
1623,-340.111240952
1624,-287.429864848
1625,-127.444742253
1626,-356.158371347
1627,-292.789728445
1628,-119.807478617
1629,-467.88149641
1630,-275.16762625
1631,-516.730686964
1632,-308.467866209
1633,-277.581730342
1634,-465.965360114
1635,-284.747054527
1636,-270.956773801
1637,-286.907738239
1638,-293.727614603
1639,-417.977226412
1640,-243.98299373
1641,-281.601976573
1642,-276.365623085
1643,-438.476107931
1644,-409.126694584
1645,-297.77702932
1646,-103.825757207
1647,-319.106193816
1648,-524.559376547
1649,-396.188353402
1650,-312.078034575
1651,-280.981888622
1652,-357.583573925
1653,-322.899199067
1654,-347.54955915
1655,-305.12900057
1656,-307.755780017
1657,-268.920703963
1658,-281.862309895
1659,-326.800030985
1660,-332.173892326
1661,-309.72030758
1662,-311.606231496
1663,-275.912243936
1664,-275.428570595
1665,-480.451931916
1666,-277.470562828
1667,-420.701202386
1668,-277.92436262
1669,-623.108081615
1670,-375.579462622
1671,-272.993891005
1672,-627.517832874
1673,-268.817357849
1674,-282.386523665
1675,-274.232706969
1676,-325.031687566
1677,-300.877240864
1678,-88.3363379305
1679,-371.390404999
1680,-259.088307407
1681,-370.551612903
1682,-299.119495291
1683,-279.846683166
1684,-277.171444777
1685,-490.718098565
1686,-301.448947232
1687,-276.766136476
1688,-344.260496702
1689,-303.805116973
1690,-324.004555175
1691,-161.934674586
1692,-298.514503632
1693,-269.806266016
1694,-272.231638092
1695,-282.415881685
1696,-340.275296901
1697,-159.578439827
1698,-394.918328153
1699,-334.036929671
1700,-310.104527809
1701,-299.010938317
1702,-291.738985939
1703,-446.183864558
1704,-275.228746264
1705,-487.9869935
1706,-576.476805274
1707,-322.642392123
1708,-285.496957026
1709,-271.754094836
1710,-285.929910673
1711,-277.341866616
1712,-276.916186955
1713,-274.723816464
1714,-479.758167849
1715,-382.850925216
1716,-1079.97103644
1717,-282.017130059
1718,-348.274360131
1719,-276.341640528
1720,-275.989323568
1721,-523.854202838
1722,-295.635458791
1723,-274.977867913
1724,-271.008010124
1725,-329.641898756
1726,-166.190172777
1727,-311.049958485
1728,-308.312992017
1729,-131.737780605
1730,-310.432094652
1731,-367.237974352
1732,-294.903909231
1733,-377.890158198
1734,-403.869083781
1735,-359.670138536
1736,-305.903527958
1737,-346.339722332
1738,-282.209495254
1739,-276.826667317
1740,-321.84433395
1741,-298.001210192
1742,-292.679166514
1743,-365.452453475
1744,-280.94392227
1745,-161.766816873
1746,-349.356662498
1747,-291.37587283
1748,-313.096298424
1749,-92.1911743463
1750,-376.001544991
1751,-288.523803795
1752,-307.377492096
1753,-300.628178754
1754,-282.043698462
1755,-508.959452229
1756,-396.570770308
1757,-268.612522738
1758,-284.458659983
1759,-755.382062148
1760,-357.86782088
1761,-393.5038405
1762,-636.048481317
1763,-340.904181739
1764,-284.401274784
1765,-103.258269824
1766,-332.03512512
1767,-97.2130923894
1768,-310.184313508
1769,-336.938117838
1770,-315.974437855
1771,-293.649895261
1772,-466.352161322
1773,-120.891942046
1774,-280.917049377
1775,-281.649489571
1776,-308.811590227
1777,-280.031935562
1778,-280.700141988
1779,-273.491928016
1780,-596.325556214
1781,-280.460767169
1782,-265.407999623
1783,-308.70726753
1784,-365.673968296
1785,-93.4451975464
1786,-428.315621156
1787,-370.905327663
1788,-354.763312341
1789,-285.543370397
1790,-275.88019412
1791,-345.604587222
1792,-294.643059346
1793,-126.005191066
1794,-317.642333325
1795,-337.881236321
1796,-280.287451654
1797,-270.352413404
1798,-279.861592446
1799,-330.422953707
1800,-277.975098632
1801,-285.66397927
1802,-285.40532662
1803,-271.376965775
1804,-311.831656723
1805,-278.952034068
1806,-351.206439894
1807,-547.83265025
1808,-354.119951977
1809,-163.961193257
1810,-345.979899094
1811,-277.560737476
1812,-277.671421723
1813,-271.498069231
1814,-136.30365629
1815,-91.4066440278
1816,-287.340702118
1817,-281.580508825
1818,-80.2114916929
1819,-287.610765427
1820,-587.491949047
1821,-280.50565178
1822,-390.387762483
1823,-320.454566631
1824,-301.606853332
1825,-526.783702029
1826,-305.803329257
1827,-531.240075933
1828,-290.585243698
1829,-295.437216968
1830,-374.161590328
1831,-278.158262154
1832,-274.110586607
1833,-291.441170974
1834,-472.053224224
1835,-280.821515018
1836,-289.263606643
1837,-279.803832923
1838,-803.574447277
1839,-295.511816336
1840,-93.159503004
1841,-278.272936381
1842,-251.968019511
1843,-300.051071856
1844,-313.060057825
1845,-84.5925647173
1846,-309.419886655
1847,-286.718346139
1848,-271.40441264
1849,-311.081261353
1850,-376.710324876
1851,-90.4800220286
1852,-288.217812278
1853,-206.394570528
1854,-295.586044004
1855,-289.587689818
1856,-443.236670603
1857,-267.618527267
1858,-278.88425662
1859,-297.562397799
1860,-285.700575432
1861,-98.111146716
1862,-404.859676523
1863,-281.048594526
1864,-291.978971106
1865,-290.653862248
1866,-359.213807622
1867,-276.33687362
1868,-388.112381979
1869,-328.52064295
1870,-274.623974688
1871,-342.523272883
1872,-312.641408727
1873,-307.162573754
1874,-445.426870887
1875,-282.599261129
1876,-277.417220128
1877,-308.192325321
1878,-570.092586393
1879,-274.820138177
1880,-314.244181326
1881,-275.56717778
1882,-493.520579289
1883,-301.929133211
1884,-294.42124083
1885,-304.754699349
1886,-297.08318848
1887,-300.084176699
1888,-298.18763394
1889,-274.197149313
1890,-271.958179809
1891,-777.566469261
1892,-608.113809364
1893,-313.844519416
1894,-322.10077457
1895,-315.390133077
1896,-280.381075425
1897,-268.218148432
1898,-173.645779132
1899,-708.862959384
1900,-559.573863689
1901,-374.610557732
1902,-555.94951536
1903,-285.861955736
1904,-380.256679962
1905,-308.801614679
1906,-279.296892327
1907,-286.103668741
1908,-429.812994367
1909,-173.156915141
1910,-416.653755839
1911,-138.878307702
1912,-602.904605613
1913,-420.441010235
1914,-128.699925709
1915,-337.043140311
1916,-350.707162409
1917,-291.726501099
1918,-594.028740248
1919,-289.984862467
1920,-105.274369699
1921,-389.296760954
1922,-314.175532319
1923,-648.624298105
1924,-305.494589608
1925,-272.164777275
1926,-341.891749198
1927,-305.748559083
1928,-310.939165487
1929,-385.871600886
1930,-392.927107877
1931,-279.273000076
1932,-283.020908708
1933,-298.929273128
1934,-305.966979367
1935,-367.263674228
1936,-126.073329352
1937,-340.466941086
1938,-311.171208502
1939,-356.704235205
1940,-326.382194441
1941,-285.73613211
1942,-370.018539522
1943,-393.685631034
1944,-173.00261603
1945,-401.790721587
1946,-278.22147998
1947,-388.77287105
1948,-349.91713385
1949,-282.768705078
1950,-179.958855887
1951,-356.255545618
1952,-377.996575456
1953,-324.337818943
1954,-298.032974543
1955,-292.234299812
1956,-268.239943974
1957,-94.9798661281
1958,-90.3713219583
1959,-286.333295723
1960,-274.856713686
1961,-282.449387076
1962,-376.955974778
1963,-382.759316909
1964,-292.253347311
1965,-428.70535428
1966,-332.07933704
1967,-289.914571312
1968,-94.9732727685
1969,-329.761362293
1970,-298.933424447
1971,-314.468870151
1972,-389.215425237
1973,-278.753814262
1974,-168.589427081
1975,-290.728474681
1976,-276.316419763
1977,-301.268403687
1978,-365.493232971
1979,-942.324260872
1980,-242.132658207
1981,-274.780262887
1982,-312.086997154
1983,-302.547338917
1984,-279.521718278
1985,-293.301503547
1986,-96.3428972297
1987,-292.516323431
1988,-315.298175918
1989,-355.185858724
1990,-308.270279866
1991,-270.994614469
1992,-302.797010995
1993,-330.394785069
1994,-357.916849662
1995,-283.545883032
1996,-357.213012534
1997,-296.559213577
1998,-363.56630742
1999,-344.357986146
2000,-295.813435966
2001,-278.472638586
2002,-294.391734164
2003,-186.350571957
2004,-280.301486465
2005,-291.504594029
2006,-281.175140593
2007,-317.460032443
2008,-322.071476293
2009,-284.614266136
2010,-283.760481732
2011,-275.059954094
2012,-391.045756641
2013,-104.795957261
2014,-291.188708499
2015,-270.482873726
2016,-328.638144375
2017,-267.410346344
2018,-348.883305281
2019,-412.112053565
2020,-277.108613237
2021,-297.494903971
2022,-238.010154756
2023,-201.017738483
2024,-299.806319864
2025,-470.93822868
2026,-125.35655021
2027,-265.666895767
2028,-488.23690536
2029,-269.787686522
2030,-344.61895449
2031,-316.015114495
2032,-280.675014089
2033,-378.958769459
2034,-269.873053674
2035,-266.521602932
2036,-328.799050612
2037,-405.823000333
2038,-90.4638964309
2039,-285.221632867
2040,-290.074128505
2041,-399.913719381
2042,-267.234035189
2043,-301.652684535
2044,-301.250818155
2045,-343.732540849
2046,-294.573825561
2047,-370.797298568
2048,-175.245631746
2049,-411.250926531
2050,-517.237127554
2051,-1046.03256487
2052,-271.593616701
2053,-308.615580741
2054,-99.1895837588
2055,-271.116305026
2056,-308.920220234
2057,-367.908528204
2058,-273.390129429
2059,-280.809727416
2060,-287.154082994
2061,-266.309601031
2062,-277.19794818
2063,-333.849325919
2064,-295.362819913
2065,-473.217413081
2066,-269.642487673
2067,-478.710725037
2068,-238.404494984
2069,-492.054695121
2070,-355.889296471
2071,-311.273899879
2072,-340.143286199
2073,-295.126334805
2074,-327.995178522
2075,-311.099840647
2076,-526.882455093
2077,-281.877099146
2078,-390.351409381
2079,-370.856737856
2080,-311.337279796
2081,-342.149595953
2082,-282.138244214
2083,-917.234128145
2084,-328.865767146
2085,-277.176124378
2086,-296.509127912
2087,-395.374029118
2088,-333.773311
2089,-611.848056994
2090,-305.225810028
2091,-442.069388702
2092,-310.597931742
2093,-363.756694484
2094,-364.944741582
2095,-289.914029468
2096,-533.699743741
2097,-366.443804746
2098,-173.103602002
2099,-423.14291159
2100,-288.486232855
2101,-301.37903804
2102,-956.762491975
2103,-316.937484423
2104,-361.629884907
2105,-294.293916934
2106,-332.752867675
2107,-377.881176756
2108,-458.613910966
2109,-332.688818201
2110,-292.424498649
2111,-335.728089711
2112,-393.282863253
2113,-339.076543498
2114,-309.907954972
2115,-436.743860505
2116,-284.154825718
2117,-381.317485283
2118,-269.187024603
2119,-287.086050354
2120,-359.292605064
2121,-366.706150709
2122,-1140.06218255
2123,-106.062396216
2124,-443.913293387
2125,-372.137363599
2126,-394.766804859
2127,-286.204843855
2128,-278.691770704
2129,-279.805550722
2130,-315.787116056
2131,-297.429070399
2132,-416.281163247
2133,-341.775799218
2134,-285.475085455
2135,-236.951071435
2136,-613.929753681
2137,-404.918315588
2138,-426.015676937
2139,-293.896648793
2140,-373.680979309
2141,-102.034655954
2142,-113.508482154
2143,-266.790901058
2144,-125.347570475
2145,-279.620875835
2146,-378.811521682
2147,-286.721247399
2148,-416.423009429
2149,-277.921551347
2150,-290.852040489
2151,-275.494366529
2152,-415.483249327
2153,-531.95830487
2154,-491.835011511
2155,-281.056020417
2156,-267.158973356
2157,-345.473161692
2158,-324.080616663
2159,-374.538798726
2160,-376.748154926
2161,-276.528361708
2162,-307.856801194
2163,-380.642023645
2164,-358.801985533
2165,-311.747265233
2166,-298.372897325
2167,-350.327240451
2168,-289.776659919
2169,-335.920362333
2170,-266.545554078
2171,-310.883891518
2172,-420.216117393
2173,-307.713238104
2174,-253.530807652
2175,-96.8501102054
2176,-272.676491374
2177,-293.306553016
2178,-386.489705242
2179,-289.200591736
2180,-419.592958916
2181,-314.521566636
2182,-291.039183539
2183,-349.945989665
2184,-313.043610859
2185,-296.979532508
2186,-302.566772935
2187,-346.08696729
2188,-357.643946479
2189,-307.404490927
2190,-294.057878323
2191,-276.575742714
2192,-273.01421495
2193,-272.805214543
2194,-290.773420579
2195,-297.760312362
2196,-311.295043029
2197,-297.687639662
2198,-290.150436585
2199,-189.090177432
2200,-289.220402378
2201,-351.164068186
2202,-243.787339642
2203,-287.711933499
2204,-293.190298643
2205,-373.318364361
2206,-535.143578286
2207,-300.729261148
2208,-266.000598459
2209,-359.367807026
2210,-265.159928792
2211,-395.572394229
2212,-286.034503144
2213,-274.137696138
2214,-530.557550379
2215,-312.189373446
2216,-295.725661435
2217,-303.690738162
2218,-124.750655035
2219,-280.81658028
2220,-312.254757812
2221,-325.802375555
2222,-310.854854719
2223,-309.1034099
2224,-285.59694171
2225,-267.591829355
2226,-396.485469478
2227,-271.755120438
2228,-109.87682919
2229,-264.126790266
2230,-308.353747687
2231,-366.285437492
2232,-390.122620684
2233,-272.512421243
2234,-298.197405221
2235,-409.229088838
2236,-317.479571041
2237,-458.844335734
2238,-570.190952763
2239,-289.540824225
2240,-288.051481764
2241,-284.112514324
2242,-387.324681927
2243,-294.957217966
2244,-354.999230692
2245,-308.61634269
2246,-384.364472713
2247,-191.958191566
2248,-95.0165618671
2249,-416.905916921
2250,-219.02840752
2251,-522.129078657
2252,-414.261449993
2253,-339.593040318
2254,-129.095553807
2255,-305.303687893
2256,-263.751339354
2257,-110.225253962
2258,-287.522710836
2259,-323.262593644
2260,-693.725437496
2261,-105.42750626
2262,-277.183603953
2263,-172.052020332
2264,-225.916935906
2265,-436.975505886
2266,-325.104403521
2267,-275.623542367
2268,-283.497623621
2269,-279.777402868
2270,-290.571949745
2271,-290.498766487
2272,-109.85690634
2273,-320.481636959
2274,-331.180573213
2275,-348.432480622
2276,-124.908335007
2277,-317.238543633
2278,-312.146482994
2279,-302.23952626
2280,-503.57910839
2281,-281.25441446
2282,-305.204386206
2283,-106.199777515
2284,-278.023634385
2285,-275.615039906
2286,-104.201539863
2287,-311.495186751
2288,-294.509663122
2289,-281.71929846
2290,-283.451219013
2291,-168.810881978
2292,-271.715781163
2293,-467.307681223
2294,-297.08268249
2295,-363.260140529
2296,-287.194750903
2297,-289.682211769
2298,-296.049321983
2299,-270.647821398
2300,-277.068332997
2301,-281.40423377
2302,-397.243844677
2303,-286.766680506
2304,-305.654312862
2305,-778.749295554
2306,-388.928086639
2307,-307.276395413
2308,-288.210694112
2309,-297.116533567
2310,-315.735010644
2311,-377.825483858
2312,-370.773237784
2313,-276.845649221
2314,-370.473351026
2315,-455.366876299
2316,-400.897283775
2317,-277.575901701
2318,-325.563395621
2319,-277.330589586
2320,-281.15159499
2321,-284.708428336
2322,-306.4183315
2323,-418.601305832
2324,-327.874184499
2325,-326.623331947
2326,-288.596940574
2327,-280.670078748
2328,-179.610520526
2329,-516.88272365
2330,-310.657587042
2331,-236.342491259
2332,-277.766200544
2333,-287.913619421
2334,-138.955106749
2335,-276.328425578
2336,-325.180734441
2337,-289.999927796
2338,-412.415782828
2339,-268.260620669
2340,-285.41257461
2341,-280.419824448
2342,-299.033684231
2343,-277.791116842
2344,-290.080286409
2345,-286.75866854
2346,-273.249460904
2347,-109.658292181
2348,-557.09047618
2349,-269.532465778
2350,-389.774658007
2351,-275.882298556
2352,-465.664884287
2353,-264.7602353
2354,-327.955296173
2355,-374.582747865
2356,-321.13484744
2357,-266.832138093
2358,-310.693550944
2359,-329.238294579
2360,-316.871085547
2361,-367.702264548
2362,-184.837694289
2363,-274.878968664
2364,-278.251079469
2365,-277.047214131
2366,-310.204356359
2367,-310.316991756
2368,-270.647364062
2369,-299.608595915
2370,-384.684076385
2371,-123.816358049
2372,-366.103029962
2373,-429.134357378
2374,-269.75356945
2375,-317.173778344
2376,-280.930650771
2377,-310.940355675
2378,-96.8700836535
2379,-345.817467384
2380,-94.3786772921
2381,-307.40005388
2382,-1342.30066474
2383,-306.294161986
2384,-292.314263074
2385,-284.237866878
2386,-294.385290412
2387,-374.825810059
2388,-428.059354948
2389,-374.958364915
2390,-244.540045919
2391,-275.659019183
2392,-409.127231143
2393,-282.945770514
2394,-266.956773209
2395,-316.205342067
2396,-323.889496786
2397,-288.676751589
2398,-380.458080779
2399,-464.540039421
2400,-323.618364031
2401,-158.405124289
2402,-324.350158397
2403,-278.030657484
2404,-268.324570149
2405,-416.212420519
2406,-288.201487311
2407,-288.516082492
2408,-351.205007869
2409,-404.633584405
2410,-270.859003205
2411,-277.539173254
2412,-587.437515691
2413,-385.449451447
2414,-273.125458057
2415,-197.658387034
2416,-280.950018777
2417,-353.416163821
2418,-346.519429519
2419,-110.47490991
2420,-289.304392952
2421,-287.774741532
2422,-229.527101017
2423,-304.264881283
2424,-328.451753425
2425,-803.592677689
2426,-375.534127602
2427,-353.642595845
2428,-297.2309135
2429,-334.581766181
2430,-375.903901808
2431,-325.947657113
2432,-285.298128524
2433,-299.805924651
2434,-310.650290669
2435,-302.735664629
2436,-504.810320328
2437,-139.181269351
2438,-307.089008523
2439,-301.111838377
2440,-281.788240693
2441,-271.348525245
2442,-272.989733836
2443,-312.511526107
2444,-342.402707419
2445,-268.845634185
2446,-301.028374643
2447,-277.193695085
2448,-293.495253817
2449,-331.541110716
2450,-506.060942957
2451,-329.935034233
2452,-283.155628208
2453,-269.229577544
2454,-96.7408798723
2455,-286.302674231
2456,-440.060927401
2457,-109.351911562
2458,-310.591736454
2459,-127.262392205
2460,-277.221174309
2461,-275.784984005
2462,-262.591921658
2463,-319.773876966
2464,-315.827217701
2465,-272.080555492
2466,-312.303494391
2467,-280.010365151
2468,-273.174659521
2469,-427.684671077
2470,-461.545540017
2471,-301.120631388
2472,-327.286667152
2473,-315.122759761
2474,-372.601425097
2475,-130.306081516
2476,-982.779469368
2477,-635.566803911
2478,-269.575876123
2479,-272.910349689
2480,-272.547800307
2481,-102.508960059
2482,-362.845381129
2483,-382.862881891
2484,-147.448358915
2485,-284.48786664
2486,-374.809752814
2487,-275.470270306
2488,-292.57543978
2489,-319.799465378
2490,-119.637796523
2491,-297.405420081
2492,-301.035791407
2493,-229.981885463
2494,-425.761733429
2495,-267.219989584
2496,-317.424431291
2497,-559.507421351
2498,-288.839154922
2499,-91.8679638098
2500,-313.135431257
2501,-304.162377629
2502,-302.67745912
2503,-306.152409359
2504,-296.762685284
2505,-156.511809697
2506,-283.75367876
2507,-261.229638703
2508,-326.640608183
2509,-101.689445443
2510,-274.094226606
2511,-366.531588183
2512,-327.17256792
2513,-400.547745764
2514,-276.901654667
2515,-374.117805359
2516,-276.697684568
2517,-376.768947275
2518,-276.065954117
2519,-287.722919045
2520,-295.386590019
2521,-317.851056971
2522,-94.6848186109
2523,-326.106907701
2524,-272.535968653
2525,-303.469204693
2526,-286.667668874
2527,-281.152888345
2528,-320.993424385
2529,-244.338800021
2530,-347.798473353
2531,-269.893161702
2532,-343.252547054
2533,-503.324874843
2534,-362.804541436
2535,-320.577863254
2536,-283.187524257
2537,-349.698729195
2538,-305.921691739
2539,-267.93053564
2540,-274.178781743
2541,-278.901891669
2542,-384.023357466
2543,-104.767844873
2544,-595.821786715
2545,-276.319702963
2546,-358.253971728
2547,-283.551074238
2548,-282.594180058
2549,-323.643568989
2550,-266.678047416
2551,-385.858924788
2552,-250.171758644
2553,-364.403514215
2554,-305.626275377
2555,-278.506835078
2556,-313.996526007
2557,-390.653602507
2558,-302.787257478
2559,-326.111902516
2560,-554.595352255
2561,-308.222054869
2562,-308.299714236
2563,-297.437779378
2564,-278.35436233
2565,-405.0656296
2566,-646.516480954
2567,-375.348931869
2568,-101.943957173
2569,-328.245588585
2570,-287.787564857
2571,-554.283002558
2572,-327.237758615
2573,-280.988491454
2574,-421.663233857
2575,-274.578887247
2576,-98.445570428
2577,-316.033769667
2578,-314.091380655
2579,-415.120328467
2580,-662.307081716
2581,-317.147671916
2582,-274.320708927
2583,-340.503088158
2584,-265.141494955
2585,-303.872603073
2586,-276.272028811
2587,-366.26199708
2588,-280.328166881
2589,-545.123933124
2590,-327.605612513
2591,-550.152513777
2592,-270.302696255
2593,-284.099445197
2594,-301.244509256
2595,-375.419554767
2596,-289.998817481
2597,-284.158855543
2598,-330.377290218
2599,-284.731694452
2600,-287.966844691
2601,-276.115896533
2602,-312.554009391
2603,-335.512005962
2604,-351.267419596
2605,-102.739923188
2606,-449.530847584
2607,-295.453888007
2608,-90.4054801768
2609,-410.253293006
2610,-282.143530155
2611,-284.874809114
2612,-276.756383901
2613,-122.544546717
2614,-305.195155736
2615,-285.599198611
2616,-349.374315324
2617,-292.710933146
2618,-397.386006424
2619,-135.212507284
2620,-224.847117937
2621,-342.003354684
2622,-303.337328318
2623,-300.722727565
2624,-845.231242194
2625,-96.0751314446
2626,-269.766062272
2627,-378.369013757
2628,-271.263440072
2629,-310.784414822
2630,-289.730640015
2631,-281.567358817
2632,-281.857094698
2633,-282.011730984
2634,-290.347728246
2635,-355.172214831
2636,-297.152941953
2637,-284.616746288
2638,-334.007063351
2639,-280.844239707
2640,-347.878869226
2641,-326.778751541
2642,-331.291742406
2643,-93.963446028
2644,-290.88379288
2645,-297.482551646
2646,-392.20508775
2647,-408.84682085
2648,-275.778452324
2649,-328.146814923
2650,-311.262582354
2651,-305.175230529
2652,-269.831172967
2653,-419.495564727
2654,-231.512535217
2655,-287.327974609
2656,-290.774204307
2657,-291.257921613
2658,-461.606833019
2659,-281.515122233
2660,-314.84977046
2661,-284.961082249
2662,-282.744402985
2663,-314.809619745
2664,-285.563182807
2665,-512.829862615
2666,-326.710010652
2667,-305.703304911
2668,-289.815144772
2669,-358.02444836
2670,-224.784560854
2671,-362.928434442
2672,-369.465756363
2673,-111.985590395
2674,-298.924039647
2675,-270.397500976
2676,-442.648118957
2677,-277.241711358
2678,-341.488297
2679,-409.477065928
2680,-310.744129963
2681,-296.588382668
2682,-521.849964657
2683,-284.102009611
2684,-299.383080649
2685,-379.223347744
2686,-274.96572868
2687,-287.514935379
2688,-395.77978356
2689,-303.513770487
2690,-316.126841654
2691,-327.753476151
2692,-468.148455733
2693,-431.261582591
2694,-424.714859852
2695,-456.696587718
2696,-126.657004952
2697,-291.252963391
2698,-295.026754854
2699,-278.232450814
2700,-490.678351439
2701,-334.465271574
2702,-441.692199127
2703,-102.649578064
2704,-262.628595945
2705,-288.478130673
2706,-417.343678475
2707,-277.557549922
2708,-425.584956572
2709,-381.600061404
2710,-217.024818427
2711,-307.785763357
2712,-343.2237351
2713,-316.347864802
2714,-668.145397314
2715,-329.914466011
2716,-326.31573942
2717,-356.52410946
2718,-281.463363749
2719,-821.685108506
2720,-213.92085968
2721,-272.171405768
2722,-403.521174118
2723,-333.60982603
2724,-363.32193
2725,-421.692491046
2726,-206.718061795
2727,-308.525052965
2728,-312.332642713
2729,-176.062433907
2730,-333.212676137
2731,-274.420208135
2732,-303.434532183
2733,-328.571327421
2734,-279.638599331
2735,-528.647638054
2736,-336.994484491
2737,-134.896715405
2738,-334.631534106
2739,-429.479172955
2740,-294.558550596
2741,-300.145879682
2742,-421.729427392
2743,-318.028321351
2744,-270.323954873
2745,-314.772460287
2746,-368.799551781
2747,-346.31423664
2748,-531.981855523
2749,-296.882738378
2750,-494.594595802
2751,-401.28039696
2752,-276.996780729
2753,-284.426752426
2754,-89.7606046733
2755,-217.438679229
2756,-284.176681078
2757,-271.414481836
2758,-501.851257651
2759,-318.664211898
2760,-351.043317185
2761,-291.539839283
2762,-301.254114929
2763,-309.56343613
2764,-290.586246778
2765,-286.807952119
2766,-332.679141915
2767,-355.549963043
2768,-115.266930128
2769,-139.606285865
2770,-422.744168442
2771,-529.325428504
2772,-319.755583322
2773,-379.340806935
2774,-326.996710057
2775,-356.976328523
2776,-326.629334423
2777,-421.096025323
2778,-379.671850542
2779,-270.03097875
2780,-331.590649394
2781,-279.140803569
2782,-274.02471206
2783,-461.877583689
2784,-297.969704754
2785,-326.654796627
2786,-297.227519993
2787,-178.058890031
2788,-286.314380024
2789,-366.819023123
2790,-329.752095431
2791,-212.871193799
2792,-315.534004626
2793,-602.196158389
2794,-340.508378672
2795,-484.922027307
2796,-280.947862106
2797,-341.384409056
2798,-341.596974353
2799,-277.076292685
2800,-376.705751398
2801,-308.264377881
2802,-313.141782865
2803,-271.612345888
2804,-261.939857616
2805,-268.325641817
2806,-275.189632663
2807,-286.422324632
2808,-903.71946461
2809,-266.378766814
2810,-457.205740992
2811,-776.705340323
2812,-359.304060379
2813,-285.717614564
2814,-685.527382972
2815,-399.527575533
2816,-281.339746872
2817,-292.047526007
2818,-334.735411759
2819,-273.191192204
2820,-300.567745375
2821,-306.860127367
2822,-305.811015078
2823,-164.543591436
2824,-367.929922079
2825,-275.566028818
2826,-291.743905045
2827,-434.13998316
2828,-332.545679807
2829,-284.542906816
2830,-362.589160214
2831,-365.948186074
2832,-319.165951357
2833,-299.152249149
2834,-266.701257586
2835,-323.292561924
2836,-305.035595953
2837,-269.760059384
2838,-272.592607338
2839,-374.200929388
2840,-467.137649641
2841,-283.337259949
2842,-133.914572198
2843,-99.68771986
2844,-332.898938084
2845,-266.405271523
2846,-327.641981539
2847,-279.325808046
2848,-85.4467254048
2849,-380.795391059
2850,-352.580825294
2851,-271.580815758
2852,-293.918980916
2853,-347.607474865
2854,-281.565721494
2855,-192.764657201
2856,-340.934216139
2857,-457.530726409
2858,-326.305889559
2859,-305.815724653
2860,-298.437280195
2861,-340.932356706
2862,-344.633105804
2863,-1306.26305652
2864,-166.78482611
2865,-268.688003805
2866,-288.597360471
2867,-352.094921937
2868,-219.322914604
2869,-426.228724508
2870,-353.94176282
2871,-274.284525274
2872,-325.37226864
2873,-348.048530178
2874,-270.677491053
2875,-294.143678307
2876,-261.647499698
2877,-427.11562843
2878,-109.071872279
2879,-321.15892646
2880,-300.755881624
2881,-425.606389389
2882,-289.717586914
2883,-333.908528052
2884,-313.22338951
2885,-275.120385596
2886,-97.5268326296
2887,-482.501549764
2888,-316.967828403
2889,-362.697714537
2890,-147.223154709
2891,-322.267502555
2892,-271.54543298
2893,-453.900573404
2894,-281.034360106
2895,-276.76829872
2896,-286.059985153
2897,-624.014312528
2898,-96.7776139577
2899,-311.155278295
2900,-273.176121232
2901,-322.481186138
2902,-567.898249731
2903,-293.427182951
2904,-277.972535566
2905,-268.442873419
2906,-269.226298531
2907,-274.270831207
2908,-290.022159204
2909,-309.038093793
2910,-305.709944224
2911,-161.179113853
2912,-294.002049269
2913,-639.803720053
2914,-288.373589395
2915,-268.833587953
2916,-397.903136827
2917,-314.951748503
2918,-373.009207104
2919,-298.454940446
2920,-109.319589706
2921,-455.891109277
2922,-99.3661255651
2923,-216.420638328
2924,-305.659893364
2925,-258.904494252
2926,-527.039286031
2927,-452.270825048
2928,-334.343590707
2929,-345.40059159
2930,-500.422998985
2931,-278.125790835
2932,-323.037394249
2933,-277.552882389
2934,-276.745790888
2935,-276.058340677
2936,-280.812672899
2937,-413.767319439
2938,-109.057913094
2939,-275.644781965
2940,-207.895936751
2941,-494.328236519
2942,-283.487072808
2943,-266.624554852
2944,-336.209552635
2945,-274.55323121
2946,-184.179364567
2947,-370.878403161
2948,-301.975818111
2949,-376.96129205
2950,-343.13594484
2951,-308.785419869
2952,-297.653040391
2953,-411.479173929
2954,-294.258192268
2955,-719.072790991
2956,-321.189627479
2957,-296.395191694
2958,-306.076994786
2959,-362.244678659
2960,-295.077200714
2961,-97.5525294969
2962,-282.451097318
2963,-265.442591432
2964,-284.182525266
2965,-602.049413868
2966,-281.854839399
2967,-241.737940555
2968,-305.977065701
2969,-328.073867248
2970,-285.055450952
2971,-275.348414179
2972,-387.128672449
2973,-420.055375541
2974,-318.816544949
2975,-482.533393404
2976,-284.823253274
2977,-141.264338888
2978,-340.460843992
2979,-734.303462566
2980,-162.157085089
2981,-272.699510064
2982,-299.811742922
2983,-302.897521506
2984,-283.962949901
2985,-267.860963919
2986,-1480.6617321
2987,-375.555435881
2988,-282.563191121
2989,-362.189200072
2990,-492.332706652
2991,-289.816223682
2992,-323.762894998
2993,-141.069283999
2994,-294.816863109
2995,-287.159874464
2996,-323.413168277
2997,-360.766591406
2998,-334.649332595
2999,-278.922312333
3000,-270.259677175
3001,-291.374767122
3002,-274.502936991
3003,-611.446886875
3004,-365.601145067
3005,-276.705176864
3006,-288.252565735
3007,-280.592432604
3008,-143.265794386
3009,-343.940224081
3010,-293.144920505
3011,-734.661239505
3012,-280.864009207
3013,-275.932123213
3014,-254.226397943
3015,-302.188376464
3016,-285.494210181
3017,-394.25764653
3018,-273.702522555
3019,-277.102304975
3020,-274.640599955
3021,-292.248336151
3022,-286.433547835
3023,-271.673210445
3024,-285.552823502
3025,-308.804115556
3026,-282.964626444
3027,-291.383868172
3028,-283.067839942
3029,-279.240326664
3030,-388.49529687
3031,-277.077954181
3032,-271.339521227
3033,-360.927078811
3034,-252.360965765
3035,-470.740514092
3036,-390.811313863
3037,-310.279370203
3038,-413.143791993
3039,-273.827670177
3040,-288.152778022
3041,-293.712848837
3042,-343.884996743
3043,-279.318880782
3044,-350.14360321
3045,-320.785010857
3046,-297.884975482
3047,-288.52001993
3048,-298.884254165
3049,-338.202196148
3050,-295.867369656
3051,-92.5839405858
3052,-289.509025859
3053,-1337.42052646
3054,-298.612894178
3055,-323.590781594
3056,-858.121307703
3057,-271.132142151
3058,-288.241445687
3059,-369.712646266
3060,-364.534750342
3061,-320.711156335
3062,-297.036347403
3063,-96.6497092582
3064,-295.519783215
3065,-280.561652927
3066,-472.875376299
3067,-438.350247599
3068,-354.490144354
3069,-144.996680431
3070,-284.78800271
3071,-322.038846888
3072,-308.935867212
3073,-337.508346782
3074,-291.962714073
3075,-361.367255815
3076,-740.3784823
3077,-356.70481967
3078,-359.198515979
3079,-396.163213156
3080,-210.396225667
3081,-320.663105776
3082,-306.779142161
3083,-431.625970473
3084,-306.344665835
3085,-288.183143127
3086,-416.137333363
3087,-235.347143116
3088,-277.182581556
3089,-271.699641496
3090,-280.24967902
3091,-195.403383247
3092,-600.792484347
3093,-271.22844585
3094,-288.500056477
3095,-420.965911953
3096,-286.377147638
3097,-341.669169585
3098,-327.247090863
3099,-726.201888294
3100,-307.52590902
3101,-277.132357367
3102,-336.600931811
3103,-329.811873237
3104,-138.246338936
3105,-469.284433116
3106,-270.762063743
3107,-383.373297628
3108,-266.938463713
3109,-147.43647642
3110,-287.260171707
3111,-290.765265797
3112,-283.566102233
3113,-530.248769541
3114,-389.550747176
3115,-332.904643344
3116,-323.937317289
3117,-305.105006424
3118,-278.820642397
3119,-976.318483521
3120,-280.195497476
3121,-272.736594486
3122,-282.92406493
3123,-297.196727397
3124,-348.912864409
3125,-296.319249774
3126,-411.390162128
3127,-285.180585885
3128,-355.735870531
3129,-325.039695672
3130,-439.360648916
3131,-270.750262607
3132,-142.88142195
3133,-403.083440513
3134,-276.615748836
3135,-272.477327037
3136,-271.39406502
3137,-115.630147924
3138,-385.275231111
3139,-272.937159176
3140,-282.461992388
3141,-107.069419202
3142,-327.607133191
3143,-310.814940205
3144,-272.683748764
3145,-275.979272055
3146,-337.21151559
3147,-274.323614881
3148,-279.790325743
3149,-287.543319509
3150,-290.419216454
3151,-299.765771815
3152,-268.021600795
3153,-367.993581168
3154,-416.126266544
3155,-348.219532133
3156,-106.43608327
3157,-289.715093657
3158,-365.954228082
3159,-398.427375358
3160,-380.76068355
3161,-267.498218582
3162,-286.331371066
3163,-297.859912689
3164,-177.286883407
3165,-304.317909084
3166,-337.384802255
3167,-291.631186239
3168,-311.458086754
3169,-281.813632732
3170,-149.558968246
3171,-944.157515741
3172,-279.638053552
3173,-276.566578782
3174,-96.0781009454
3175,-283.192701757
3176,-302.186494407
3177,-279.134349369
3178,-344.258210487
3179,-285.593661262
3180,-173.768777743
3181,-373.949453522
3182,-623.664062092
3183,-281.065612552
3184,-443.045028196
3185,-285.520827373
3186,-473.330147359
3187,-333.368687256
3188,-282.167911409
3189,-301.702916898
3190,-298.079436777
3191,-447.574159106
3192,-276.909036102
3193,-341.881128999
3194,-283.461123699
3195,-372.858010057
3196,-382.007327424
3197,-285.332425808
3198,-272.360306922
3199,-336.064432134
3200,-311.030366638
3201,-325.796612951
3202,-281.111849544
3203,-266.762342873
3204,-299.082576804
3205,-278.365703802
3206,-290.350443858
3207,-300.939914342
3208,-360.094073688
3209,-144.720913502
3210,-295.961331755
3211,-392.714500521
3212,-268.835090657
3213,-309.502520868
3214,-385.232227158
3215,-270.219112832
3216,-381.506349946
3217,-285.677113714
3218,-363.217191451
3219,-350.557395112
3220,-379.580253448
3221,-287.781232741
3222,-336.000908196
3223,-409.722780879
3224,-277.855170429
3225,-273.820714917
3226,-363.531904719
3227,-476.36936984
3228,-277.80004695
3229,-336.666301836
3230,-277.675985509
3231,-370.526587447
3232,-188.971496022
3233,-95.7846116184
3234,-351.588899838
3235,-279.549720902
3236,-283.773937633
3237,-290.116956325
3238,-245.236151955
3239,-376.397778363
3240,-350.904572843
3241,-280.985313735
3242,-281.708397156
3243,-271.318451908
3244,-528.564308069
3245,-373.931971652
3246,-326.218099985
3247,-270.873607623
3248,-99.7815685827
3249,-294.24785996
3250,-285.215476658
3251,-523.643792547
3252,-466.657685443
3253,-282.545438133
3254,-419.819624667
3255,-285.139740608
3256,-573.586442635
3257,-95.4320761424
3258,-333.654540552
3259,-275.228995027
3260,-437.678293687
3261,-291.813506138
3262,-547.231185124
3263,-388.266104915
3264,-281.921768276
3265,-345.923547943
3266,-327.978677239
3267,-448.206627813
3268,-371.599432469
3269,-278.99870672
3270,-396.767689587
3271,-274.833566168
3272,-341.320209987
3273,-271.010863143
3274,-553.822184642
3275,-350.422459449
3276,-278.49673994
3277,-393.708493216
3278,-271.811465937
3279,-430.891827216
3280,-293.166118151
3281,-286.631576243
3282,-1224.21463145
3283,-382.360206676
3284,-350.588588912
3285,-320.007142995
3286,-120.997827706
3287,-286.293020502
3288,-314.009380116
3289,-332.290253763
3290,-290.52710189
3291,-286.210911206
3292,-119.742074582
3293,-269.391662809
3294,-107.242679247
3295,-325.643707972
3296,-314.568225819
3297,-287.543332388
3298,-367.835695512
3299,-379.387450995
3300,-308.263716354
3301,-468.182993506
3302,-864.415580318
3303,-296.336000363
3304,-302.855156933
3305,-276.585960577
3306,-286.14232356
3307,-333.723664543
3308,-361.064165612
3309,-191.256866616
3310,-438.400075143
3311,-285.099180155
3312,-328.539795438
3313,-327.746692742
3314,-279.952500722
3315,-456.494579308
3316,-346.940131108
3317,-294.141739463
3318,-288.009171572
3319,-113.877133452
3320,-366.587780874
3321,-275.849057131
3322,-355.240751318
3323,-327.707035498
3324,-298.719097144
3325,-384.154988118
3326,-288.891286121
3327,-377.925384821
3328,-311.809895908
3329,-361.634313545
3330,-279.298046295
3331,-174.99386264
3332,-290.565974541
3333,-270.272674431
3334,-279.836546522
3335,-442.62912725
3336,-268.192312851
3337,-313.033377187
3338,-278.981442315
3339,-275.720164299
3340,-292.060990959
3341,-263.09152918
3342,-318.835051099
3343,-279.682368822
3344,-268.361053749
3345,-280.620450975
3346,-267.966199451
3347,-404.73146196
3348,-266.979918798
3349,-152.522484251
3350,-283.160890188
3351,-387.660423143
3352,-293.849325957
3353,-302.232435574
3354,-277.469055043
3355,-277.675323412
3356,-1477.73101136
3357,-281.184652049
3358,-220.434747842
3359,-449.030600541
3360,-319.661107946
3361,-272.017464462
3362,-299.36148336
3363,-853.294200565
3364,-278.731209219
3365,-340.738824604
3366,-295.616331876
3367,-457.612643524
3368,-275.958475149
3369,-207.770663238
3370,-371.723993725
3371,-300.4024043
3372,-276.954912441
3373,-463.833996494
3374,-342.412884101
3375,-338.827654189
3376,-279.806079138
3377,-303.110863608
3378,-288.591884978
3379,-289.544642748
3380,-296.132068987
3381,-281.033030704
3382,-1432.23701113
3383,-292.670570211
3384,-322.365303989
3385,-279.151556922
3386,-430.948815461
3387,-270.223383589
3388,-357.709275598
3389,-356.474739274
3390,-383.576725769
3391,-236.92581762
3392,-296.420142084
3393,-286.077230393
3394,-306.92665391
3395,-173.155069469
3396,-289.164853029
3397,-314.975871024
3398,-503.856939536
3399,-736.925873702
3400,-349.102052986
3401,-224.468559142
3402,-348.270826839
3403,-278.364388632
3404,-313.9432286
3405,-275.965344721
3406,-476.872464459
3407,-146.997768118
3408,-455.557186958
3409,-495.183577791
3410,-277.064886141
3411,-319.064009625
3412,-279.127277374
3413,-273.010819092
3414,-297.413947615
3415,-347.135151185
3416,-273.847725521
3417,-291.94711943
3418,-353.735627767
3419,-268.640339058
3420,-282.576534032
3421,-283.212538799
3422,-122.984950108
3423,-327.803611502
3424,-239.739166075
3425,-300.798695464
3426,-280.72395202
3427,-339.881819567
3428,-296.777503517
3429,-380.375855719
3430,-287.267003285
3431,-290.901455219
3432,-297.246405234
3433,-283.366173799
3434,-387.131110352
3435,-289.776181869
3436,-279.316397703
3437,-305.115067739
3438,-315.502532848
3439,-289.059971717
3440,-327.348981826
3441,-276.521327875
3442,-341.978873664
3443,-416.467491289
3444,-300.666357086
3445,-270.722262185
3446,-274.494493779
3447,-352.119941646
3448,-327.199819486
3449,-355.421072706
3450,-435.785304539
3451,-323.344890403
3452,-416.507700175
3453,-376.288364356
3454,-313.416533909
3455,-294.608138771
3456,-269.18214808
3457,-333.115700888
3458,-279.848559128
3459,-271.133189122
3460,-110.563148941
3461,-288.061561455
3462,-563.406947624
3463,-265.376270771
3464,-486.188326571
3465,-290.901721061
3466,-289.815781729
3467,-331.220335185
3468,-347.126588475
3469,-474.679430569
3470,-92.2815698713
3471,-329.159780994
3472,-283.252881968
3473,-347.963270451
3474,-105.985811798
3475,-347.915957871
3476,-283.13057796
3477,-244.706960546
3478,-375.902244407
3479,-287.775428281
3480,-316.407470946
3481,-303.988784412
3482,-143.293082554
3483,-294.764691334
3484,-296.21735254
3485,-339.762339442
3486,-307.183726325
3487,-264.122591603
3488,-311.461496254
3489,-338.41590158
3490,-276.459752083
3491,-288.442075695
3492,-344.372273007
3493,-282.668476303
3494,-268.293248189
3495,-275.80448343
3496,-366.834296335
3497,-287.849837681
3498,-286.269333732
3499,-119.893834903
3500,-105.447174515
3501,-337.450371517
3502,-307.654372181
3503,-137.838462728
3504,-275.342632299
3505,-281.9907469
3506,-285.023832589
3507,-434.309147978
3508,-111.537084371
3509,-617.858701408
3510,-292.219899817
3511,-347.376689328
3512,-428.30979857
3513,-313.565488317
3514,-884.844865618
3515,-411.21749084
3516,-269.417368847
3517,-228.787068506
3518,-315.63428608
3519,-389.932108396
3520,-310.550589339
3521,-540.862323127
3522,-284.68773811
3523,-112.705259696
3524,-302.396073387
3525,-1157.4265032
3526,-305.526150438
3527,-348.209543005
3528,-272.158157034
3529,-313.091194097
3530,-398.429806928
3531,-291.977700778
3532,-316.281054738
3533,-274.207886294
3534,-304.749448902
3535,-302.973207067
3536,-287.038978566
3537,-297.015326074
3538,-337.533772517
3539,-289.213280201
3540,-275.415045257
3541,-287.397702183
3542,-353.914760511
3543,-84.3102816849
3544,-277.129673745
3545,-332.888984833
3546,-402.500600613
3547,-324.741460996
3548,-284.084426792
3549,-306.773929257
3550,-297.719700637
3551,-334.748076752
3552,-570.365185627
3553,-575.615641115
3554,-308.598193064
3555,-354.555674171
3556,-305.914386046
3557,-409.23564389
3558,-434.917824698
3559,-140.531327838
3560,-272.91868622
3561,-164.032499832
3562,-319.348436358
3563,-247.665480173
3564,-620.440558882
3565,-399.417911987
3566,-334.444725977
3567,-555.268428638
3568,-277.557897025
3569,-476.122406236
3570,-282.241225588
3571,-347.888625822
3572,-283.16850904
3573,-314.491454024
3574,-453.105060621
3575,-379.341003956
3576,-264.702333831
3577,-267.626721931
3578,-335.629416179
3579,-638.232441663
3580,-291.180609309
3581,-338.588462129
3582,-374.212533908
3583,-278.82719942
3584,-286.043668524
3585,-96.441933336
3586,-223.244063592
3587,-277.43297933
3588,-123.626044985
3589,-301.826670671
3590,-304.439255415
3591,-365.535896975
3592,-319.81572857
3593,-340.66863096
3594,-155.779014529
3595,-320.710055168
3596,-286.048205855
3597,-290.4096807
3598,-289.850619292
3599,-319.198875516
3600,-288.460317148
3601,-325.910323402
3602,-114.680921169
3603,-307.148462357
3604,-311.014724397
3605,-281.186528231
3606,-314.894232277
3607,-355.417536131
3608,-276.822775283
3609,-275.947680843
3610,-279.824441587
3611,-315.035226144
3612,-509.378322913
3613,-278.092377556
3614,-273.131733087
3615,-355.065752232
3616,-341.202004173
3617,-293.343778661
3618,-325.661321512
3619,-287.465782073
3620,-309.610774198
3621,-217.862815483
3622,-88.9961093759
3623,-293.633766465
3624,-299.393382035
3625,-280.805023477
3626,-431.999815518
3627,-494.673241398
3628,-329.495071032
3629,-527.745563442
3630,-284.42154476
3631,-336.101939784
3632,-730.526198174
3633,-270.747399896
3634,-283.724618717
3635,-409.902686559
3636,-300.921405889
3637,-286.453944857
3638,-317.045761286
3639,-117.26258953
3640,-679.024725159
3641,-346.377864652
3642,-469.899011693
3643,-272.415348335
3644,-286.153613971
3645,-343.773368474
3646,-83.3365720651
3647,-316.173619039
3648,-275.040399195
3649,-493.55864996
3650,-423.99211338
3651,-193.163725392
3652,-270.565403812
3653,-269.917844093
3654,-282.052062739
3655,-389.275639333
3656,-497.596332569
3657,-239.001521807
3658,-385.371494873
3659,-342.029426148
3660,-289.598200424
3661,-564.733259441
3662,-260.730996575
3663,-335.166897203
3664,-500.177493247
3665,-790.850986615
3666,-397.466409127
3667,-301.922643131
3668,-232.416341017
3669,-272.243398183
3670,-366.751435621
3671,-268.373416425
3672,-329.66308589
3673,-264.143121993
3674,-276.811796985
3675,-283.612627266
3676,-293.890078957
3677,-326.719015987
3678,-204.413130832
3679,-290.930408904
3680,-309.990660074
3681,-361.753321017
3682,-122.727123153
3683,-316.117659115
3684,-283.897999639
3685,-248.712821417
3686,-277.34877582
3687,-425.769728937
3688,-329.731788488
3689,-286.550752089
3690,-258.371959492
3691,-276.646048634
3692,-106.380620978
3693,-113.541105571
3694,-305.29886431
3695,-365.438106691
3696,-270.300173075
3697,-271.262162355
3698,-557.018897402
3699,-226.993479059
3700,-299.314139482
3701,-266.863509465
3702,-275.453496789
3703,-305.968219942
3704,-232.953363145
3705,-83.7118043517
3706,-319.153654809
3707,-90.481685961
3708,-454.737323362
3709,-311.059243296
3710,-288.564171217
3711,-284.734777442
3712,-278.890811201
3713,-616.271976409
3714,-298.442904949
3715,-93.7701925931
3716,-288.34522273
3717,-298.596782089
3718,-318.699834342
3719,-347.279000654
3720,-279.399957054
3721,-331.35663331
3722,-340.457035824
3723,-300.959671531
3724,-332.477466581
3725,-297.804942401
3726,-376.987246682
3727,-286.699618535
3728,-404.837461473
3729,-336.485214107
3730,-314.109069279
3731,-327.592281016
3732,-278.420629127
3733,-342.871347752
3734,-304.438078269
3735,-369.146500888
3736,-268.927639955
3737,-376.564206086
3738,-352.109023985
3739,-226.879326285
3740,-764.940799607
3741,-167.817025172
3742,-328.11709433
3743,-191.305663242
3744,-304.607309422
3745,-399.247771114
3746,-317.888740166
3747,-379.878988384
3748,-275.2867829
3749,-434.440351109
3750,-181.707289706
3751,-299.346330932
3752,-188.830414291
3753,-271.253813674
3754,-273.859322138
3755,-387.700158479
3756,-429.995276914
3757,-292.62319487
3758,-337.891107814
3759,-320.112052643
3760,-322.689808651
3761,-290.556672836
3762,-299.362589309
3763,-267.601302683
3764,-326.008129429
3765,-281.647829607
3766,-281.571093655
3767,-299.166664703
3768,-394.57949489
3769,-311.217959241
3770,-287.747394826
3771,-284.760623711
3772,-302.601359563
3773,-312.086915511
3774,-410.473766073
3775,-349.463728671
3776,-371.158175647
3777,-488.344642366
3778,-297.134353487
3779,-283.360938705
3780,-313.837187483
3781,-817.60708183
3782,-422.01750775
3783,-341.872595292
3784,-295.361351957
3785,-359.170282435
3786,-286.862745392
3787,-121.62406321
3788,-342.706711856
3789,-295.707889106
3790,-285.564877586
3791,-270.182531625
3792,-374.661597158
3793,-513.74989328
3794,-99.610619962
3795,-291.602642711
3796,-289.631699256
3797,-373.745118112
3798,-292.716229564
3799,-347.597645949
3800,-780.682976874
3801,-341.604929417
3802,-360.536172002
3803,-269.750785373
3804,-315.85999252
3805,-351.33474037
3806,-297.099849974
3807,-286.072433089
3808,-294.272664151
3809,-430.263546801
3810,-147.428601586
3811,-509.165654486
3812,-110.834094582
3813,-314.664420469
3814,-122.278806618
3815,-393.501599944
3816,-333.838372729
3817,-301.392274427
3818,-321.627859503
3819,-410.346582498
3820,-126.400393253
3821,-313.444849174
3822,-339.569652662
3823,-362.078438893
3824,-317.98659124
3825,-275.752409075
3826,-276.382430609
3827,-327.471924936
3828,-297.309878586
3829,-375.68702619
3830,-360.207840558
3831,-271.336159744
3832,-390.376094566
3833,-277.182899986
3834,-283.269465786
3835,-102.271084147
3836,-340.263402412
3837,-345.090357539
3838,-699.923890654
3839,-158.13518579
3840,-261.147737732
3841,-135.027149045
3842,-482.979334947
3843,-297.13457148
3844,-291.495202484
3845,-299.528477805
3846,-318.659699126
3847,-455.255422861
3848,-313.207692232
3849,-316.212973853
3850,-874.250418318
3851,-487.052784595
3852,-449.280195688
3853,-310.001565144
3854,-285.865167259
3855,-294.013940069
3856,-159.601632968
3857,-367.785443815
3858,-272.608782379
3859,-270.411577522
3860,-421.135731278
3861,-271.982290656
3862,-293.277475054
3863,-297.74078562
3864,-283.940408603
3865,-315.669623175
3866,-290.269293848
3867,-147.830325712
3868,-291.292936628
3869,-166.924168441
3870,-316.524518799
3871,-360.948789194
3872,-680.135446266
3873,-314.03136196
3874,-388.447657742
3875,-319.139407079
3876,-276.021445538
3877,-330.044708157
3878,-266.398220706
3879,-289.57609246
3880,-418.786746457
3881,-312.54049635
3882,-264.95786344
3883,-336.889303797
3884,-725.98763116
3885,-88.0973216927
3886,-322.61367474
3887,-372.579730319
3888,-273.81098819
3889,-337.997158972
3890,-265.005438293
3891,-383.208561938
3892,-292.737035295
3893,-467.876718854
3894,-225.134621627
3895,-634.931390139
3896,-281.141504581
3897,-280.305206375
3898,-443.547738813
3899,-202.489953905
3900,-308.042035891
3901,-492.435906717
3902,-295.309425725
3903,-316.511275574
3904,-273.45767094
3905,-112.147169769
3906,-266.649840778
3907,-298.894203807
3908,-339.229519343
3909,-359.045736837
3910,-301.163380839
3911,-147.216302084
3912,-291.246735712
3913,-315.317055939
3914,-347.831817707
3915,-320.682901368
3916,-269.561782654
3917,-291.624453451
3918,-302.572594574
3919,-424.888847781
3920,-450.568153801
3921,-315.478055356
3922,-284.589410316
3923,-280.904760614
3924,-288.03255821
3925,-361.636455644
3926,-270.049155349
3927,-313.831661688
3928,-321.460401332
3929,-106.71848553
3930,-133.097643341
3931,-931.251903785
3932,-268.464699853
3933,-309.559284441
3934,-280.854741335
3935,-306.342296472
3936,-357.93663369
3937,-315.977248929
3938,-409.532930103
3939,-275.577504917
3940,-267.723407861
3941,-301.66052644
3942,-276.710520698
3943,-99.8927403247
3944,-279.21083193
3945,-272.339030606
3946,-808.191339283
3947,-287.37086696
3948,-310.160892445
3949,-233.734675904
3950,-321.005383208
3951,-94.2217919074
3952,-284.799054259
3953,-396.03478985
3954,-357.422311672
3955,-382.154913685
3956,-256.972187848
3957,-321.028645976
3958,-463.068142539
3959,-298.972997515
3960,-301.873971344
3961,-322.029086378
3962,-351.554744253
3963,-329.786707193
3964,-298.506911945
3965,-90.7566535688
3966,-188.914281315
3967,-292.811004408
3968,-272.99346555
3969,-340.768903129
3970,-282.114809828
3971,-333.334834364
3972,-294.290094241
3973,-352.888948745
3974,-327.277734999
3975,-136.292442753
3976,-272.494496472
3977,-269.526291233
3978,-293.336546562
3979,-323.393111792
3980,-292.580022311
3981,-283.753955181
3982,-331.415027902
3983,-350.012037962
3984,-318.530691311
3985,-403.922668127
3986,-270.470633602
3987,-361.169740548
3988,-384.875816441
3989,-464.517676678
3990,-273.650402187
3991,-274.057589291
3992,-149.577554039
3993,-278.976152576
3994,-132.867574597
3995,-278.832255388
3996,-296.723473273
3997,-463.376606262
3998,-306.233438898
3999,-334.029252687
4000,-273.740588683
4001,-293.443949135
4002,-294.593788288
4003,-322.332865857
4004,-330.696488839
4005,-421.904289068
4006,-403.997784875
4007,-836.788412553
4008,-309.66067984
4009,-294.052570666
4010,-336.530529287
4011,-426.70228138
4012,-437.326034058
4013,-378.515847043
4014,-134.442132885
4015,-269.712343942
4016,-279.39202853
4017,-365.649319222
4018,-271.619346116
4019,-637.466830896
4020,-365.098711046
4021,-312.931255165
4022,-346.455782123
4023,-374.359582385
4024,-282.892613367
4025,-492.830775079
4026,-93.3529522805
4027,-311.009502427
4028,-428.146379408
4029,-292.86432363
4030,-218.88327312
4031,-295.460127332
4032,-313.08067719
4033,-296.928345052
4034,-398.230167364
4035,-340.677668212
4036,-500.088939043
4037,-348.591204988
4038,-479.217005061
4039,-321.287256558
4040,-386.862102218
4041,-276.590682147
4042,-296.762442589
4043,-432.543910033
4044,-1076.22497593
4045,-288.921374973
4046,-360.650723797
4047,-292.615324409
4048,-277.109896531
4049,-263.35949544
4050,-300.834200707
4051,-275.757209487
4052,-304.456435206
4053,-283.025031476
4054,-359.783717201
4055,-535.449254825
4056,-292.866334008
4057,-283.81711958
4058,-325.958584377
4059,-339.691492537
4060,-340.656282591
4061,-273.883797365
4062,-283.12274961
4063,-340.208664042
4064,-359.190233697
4065,-348.369409223
4066,-391.40862743
4067,-391.601304858
4068,-392.2004118
4069,-289.984592176
4070,-329.631089868
4071,-153.048265309
4072,-564.494621516
4073,-273.859628876
4074,-199.065100798
4075,-521.376408053
4076,-299.920979407
4077,-521.630672751
4078,-390.720523387
4079,-273.383883744
4080,-419.899449663
4081,-282.143898801
4082,-341.149228592
4083,-331.851561357
4084,-338.740955787
4085,-281.574687116
4086,-340.755462994
4087,-282.089813537
4088,-274.24640892
4089,-417.303624674
4090,-297.71854336
4091,-273.981137406
4092,-120.515765954
4093,-271.750178435
4094,-488.75113429
4095,-457.952203427
4096,-271.585417006
4097,-393.37205457
4098,-224.091373427
4099,-338.462776291
4100,-274.355334138
4101,-357.786023554
4102,-316.708713779
4103,-102.702122656
4104,-279.155336383
4105,-89.1263988284
4106,-105.095867924
4107,-433.360058846
4108,-341.721163232
4109,-400.887496539
4110,-265.730149582
4111,-312.498823895
4112,-299.313039865
4113,-416.126491344
4114,-376.376428321
4115,-316.489389886
4116,-434.621402791
4117,-281.377954164
4118,-283.871990095
4119,-275.999835041
4120,-284.240369249
4121,-294.552333107
4122,-289.680858238
4123,-290.230851497
4124,-294.185999791
4125,-301.403554549
4126,-276.073867283
4127,-288.701552634
4128,-293.414747659
4129,-440.566215702
4130,-409.046908103
4131,-406.817714746
4132,-330.067672235
4133,-295.370113719
4134,-295.464212602
4135,-263.920272265
4136,-291.45298268
4137,-273.982985189
4138,-433.697249221
4139,-265.760330267
4140,-322.072267022
4141,-429.436918955
4142,-265.151470793
4143,-374.365403097
4144,-359.761918789
4145,-326.054541441
4146,-268.961861596
4147,-422.145350537
4148,-275.513239119
4149,-318.547290704
4150,-170.716504617
4151,-179.779753128
4152,-369.266738903
4153,-486.757948185
4154,-341.432830182
4155,-283.419678836
4156,-320.039337115
4157,-948.88718308
4158,-284.266660613
4159,-314.617057116
4160,-310.839988619
4161,-287.834767652
4162,-1091.91163204
4163,-318.076797303
4164,-499.745587463
4165,-544.80984225
4166,-308.740947729
4167,-292.989423034
4168,-300.803385914
4169,-315.022967607
4170,-386.582302068
4171,-310.84721219
4172,-287.523992315
4173,-289.553363548
4174,-359.313394846
4175,-304.021991552
4176,-304.609853084
4177,-88.2267822667
4178,-668.752623689
4179,-282.422473947
4180,-459.413720695
4181,-296.370235787
4182,-541.226002256
4183,-317.011826523
4184,-280.517038299
4185,-322.874602205
4186,-398.377437717
4187,-99.292472032
4188,-343.629976341
4189,-274.509022175
4190,-297.410476372
4191,-299.495605633
4192,-298.522235345
4193,-320.725938105
4194,-267.757691642
4195,-387.976328998
4196,-271.78647643
4197,-363.013334628
4198,-154.336497913
4199,-276.89445303
4200,-312.931124484
4201,-349.523168408
4202,-463.096419884
4203,-276.760815903
4204,-506.492443922
4205,-301.415975344
4206,-416.602123672
4207,-290.159469458
4208,-292.650432929
4209,-442.317673807
4210,-324.249864659
4211,-336.305183015
4212,-266.556045724
4213,-284.911543177
4214,-280.408107445
4215,-122.792681223
4216,-270.757130936
4217,-279.001727461
4218,-360.436630811
4219,-336.884399899
4220,-276.024083824
4221,-269.843506135
4222,-278.543994951
4223,-304.271572507
4224,-424.442307322
4225,-288.085046656
4226,-283.847886863
4227,-196.169002384
4228,-323.960307655
4229,-384.942737931
4230,-276.554299576
4231,-332.181382643
4232,-371.255739673
4233,-310.416803723
4234,-310.560948091
4235,-319.418298349
4236,-271.893892834
4237,-285.219516078
4238,-332.126476207
4239,-289.364989743
4240,-491.744444261
4241,-313.952100804
4242,-340.759815449
4243,-425.428998727
4244,-340.513448787
4245,-285.215718839
4246,-285.222500741
4247,-420.812350447
4248,-561.314558368
4249,-340.360639684
4250,-304.148369363
4251,-284.040368758
4252,-339.573585191
4253,-356.110546874
4254,-337.221027047
4255,-329.699750636
4256,-425.14016864
4257,-276.933909859
4258,-1123.82143553
4259,-287.389362174
4260,-280.59803531
4261,-365.079336276
4262,-386.440359887
4263,-286.932556302
4264,-266.631412118
4265,-383.407380696
4266,-293.655247228
4267,-278.007620219
4268,-341.093546967
4269,-380.702472705
4270,-187.160617901
4271,-337.686371514
4272,-283.892717152
4273,-275.330127337
4274,-95.3451916265
4275,-428.930950918
4276,-488.349515405
4277,-297.789513761
4278,-347.244375875
4279,-316.556415786
4280,-374.490413297
4281,-279.035081387
4282,-285.066777478
4283,-281.893942309
4284,-357.16109497
4285,-161.433009281
4286,-329.348653961
4287,-278.16003937
4288,-303.503875151
4289,-324.006893518
4290,-175.104572034
4291,-275.217013086
4292,-322.742342147
4293,-318.59992548
4294,-90.6643536134
4295,-382.242769926
4296,-273.099001077
4297,-294.413194005
4298,-271.718372601
4299,-98.7124162119
4300,-553.897521176
4301,-269.673912519
4302,-120.505296672
4303,-147.397872202
4304,-320.793684644
4305,-442.933629478
4306,-275.394637124
4307,-281.788617758
4308,-282.720750576
4309,-753.944593738
4310,-421.658880872
4311,-291.190824609
4312,-200.7810088
4313,-384.787621505
4314,-280.200603341
4315,-369.552172492
4316,-456.256493138
4317,-280.761004211
4318,-311.034181058
4319,-274.149972202
4320,-430.935034959
4321,-489.92588645
4322,-344.484347365
4323,-268.295548839
4324,-274.291107604
4325,-321.972509929
4326,-269.702366324
4327,-288.438536013
4328,-393.979936138
4329,-279.348949552
4330,-305.276766127
4331,-270.048834583
4332,-267.866199054
4333,-531.842948224
4334,-293.655203218
4335,-272.133167822
4336,-320.578023956
4337,-273.416342839
4338,-278.100715797
4339,-298.298014317
4340,-616.799796421
4341,-389.084943992
4342,-281.814340521
4343,-284.0617649
4344,-219.706165097
4345,-265.338762732
4346,-462.955817923
4347,-303.365854658
4348,-396.270917552
4349,-363.776025794
4350,-268.411652477
4351,-280.075618086
4352,-306.271889977
4353,-713.969257465
4354,-326.851026699
4355,-492.622566775
4356,-296.682110946
4357,-267.557959186
4358,-276.803929092
4359,-386.606260731
4360,-304.583477695
4361,-270.747390172
4362,-283.261526438
4363,-299.667799212
4364,-295.563724077
4365,-284.821645377
4366,-279.01242216
4367,-93.6880056722
4368,-679.605930392
4369,-145.038803342
4370,-284.094408278
4371,-276.18722427
4372,-360.174028695
4373,-286.662257152
4374,-331.040725329
4375,-456.124225589
4376,-93.7546118658
4377,-329.114626682
4378,-300.717404048
4379,-414.968867782
4380,-271.394820998
4381,-307.932027617
4382,-199.145883663
4383,-510.917242587
4384,-275.485456678
4385,-176.072671614
4386,-278.930799491
4387,-314.049175441
4388,-329.526878978
4389,-137.782203697
4390,-526.57023059
4391,-99.3083504772
4392,-311.256509835
4393,-291.137791004
4394,-283.154451934
4395,-316.307081498
4396,-394.548472962
4397,-282.448548791
4398,-329.737533327
4399,-655.140962876
4400,-757.150760077
4401,-520.025130799
4402,-303.222561276
4403,-456.149126693
4404,-334.008932107
4405,-344.422628554
4406,-391.009357739
4407,-235.320859676
4408,-288.787681745
4409,-514.632095285
4410,-267.499043526
4411,-310.764601371
4412,-283.199203346
4413,-358.165699264
4414,-281.45254026
4415,-92.5828579761
4416,-275.018491814
4417,-367.627756965
4418,-327.708718258
4419,-340.52387828
4420,-347.295598215
4421,-387.419889346
4422,-420.986712473
4423,-316.376325452
4424,-278.764873181
4425,-305.936142075
4426,-302.703461876
4427,-765.959412081
4428,-319.484181136
4429,-279.562858863
4430,-279.45125863
4431,-312.912085644
4432,-1013.94523821
4433,-676.27272127
4434,-291.767604734
4435,-274.214157693
4436,-268.687666585
4437,-274.009404621
4438,-405.456747181
4439,-119.30068195
4440,-278.472881465
4441,-280.302483152
4442,-313.58331252
4443,-293.357740245
4444,-285.534105747
4445,-471.223036998
4446,-279.47671675
4447,-300.928464528
4448,-290.553448611
4449,-491.301017201
4450,-317.275232086
4451,-195.84980987
4452,-303.283481637
4453,-298.382119743
4454,-293.464871278
4455,-450.899321458
4456,-308.616742962
4457,-266.257462317
4458,-389.867224153
4459,-320.022041251
4460,-277.076177939
4461,-280.240734384
4462,-436.013602335
4463,-452.545615487
4464,-179.67319661
4465,-287.353976096
4466,-522.330229555
4467,-104.897375185
4468,-391.296655114
4469,-295.133204221
4470,-292.087977104
4471,-408.606729924
4472,-687.797369374
4473,-284.381186745
4474,-317.80112674
4475,-142.672921367
4476,-351.732936198
4477,-279.41762336
4478,-337.9553466
4479,-290.010475909
4480,-329.928582979
4481,-627.326804002
4482,-283.368965712
4483,-85.310159246
4484,-403.716999705
4485,-291.296489295
4486,-308.7961526
4487,-299.175385544
4488,-327.700559811
4489,-292.424262777
4490,-269.82575103
4491,-493.277753758
4492,-317.077295586
4493,-277.084458361
4494,-308.326964191
4495,-309.166281688
4496,-338.117752588
4497,-415.016490053
4498,-281.93010114
4499,-287.986580409
4500,-291.962574341
4501,-263.615594895
4502,-271.714136969
4503,-356.384326449
4504,-164.66224444
4505,-280.819622298
4506,-367.197592089
4507,-282.239803564
4508,-93.6067246288
4509,-303.336949337
4510,-286.495400662
4511,-310.5636637
4512,-101.654148344
4513,-301.915019453
4514,-336.253265409
4515,-325.341079535
4516,-269.246349691
4517,-305.948300688
4518,-380.372039293
4519,-406.772933335
4520,-305.975662429
4521,-294.749831011
4522,-296.005541505
4523,-316.611146012
4524,-404.822330604
4525,-465.648172527
4526,-285.014841757
4527,-282.045038209
4528,-393.987469393
4529,-291.206007096
4530,-489.584775466
4531,-405.818657256
4532,-347.673618193
4533,-428.382996053
4534,-351.518677817
4535,-319.438111441
4536,-335.803399497
4537,-273.092548464
4538,-331.254615328
4539,-437.834938944
4540,-296.259017583
4541,-369.34978998
4542,-341.264641618
4543,-159.904274979
4544,-375.673586089
4545,-304.124689241
4546,-371.091749946
4547,-334.642098844
4548,-93.1219901415
4549,-282.733090532
4550,-898.03948586
4551,-432.522713708
4552,-366.510528388
4553,-297.475019287
4554,-293.886278838
4555,-355.036477704
4556,-285.137882514
4557,-294.55051682
4558,-270.304813526
4559,-551.983835546
4560,-368.403974581
4561,-314.211850012
4562,-328.943916274
4563,-277.751256789
4564,-333.958510403
4565,-280.900917779
4566,-269.569750493
4567,-354.065886427
4568,-267.232192054
4569,-393.859410608
4570,-275.342214531
4571,-349.69981333
4572,-337.21636177
4573,-299.92870426
4574,-361.168742627
4575,-274.884040861
4576,-351.829206134
4577,-301.103797725
4578,-297.557529384
4579,-276.867766788
4580,-312.100518575
4581,-214.033825504
4582,-141.834411316
4583,-330.563409687
4584,-364.761938538
4585,-328.042621974
4586,-273.66920656
4587,-374.315323847
4588,-276.787698367
4589,-275.835331884
4590,-285.231081897
4591,-87.7670102638
4592,-292.09992804
4593,-480.415957804
4594,-291.093997827
4595,-276.68958938
4596,-471.682854261
4597,-176.094177343
4598,-335.134294049
4599,-274.709407757
4600,-267.748476927
4601,-296.280595223
4602,-314.272289614
4603,-424.988278866
4604,-335.264454029
4605,-304.909762424
4606,-329.032877185
4607,-494.753975099
4608,-303.999866802
4609,-306.614178215
4610,-284.175604615
4611,-334.229590245
4612,-284.513168201
4613,-275.165595407
4614,-105.334543614
4615,-278.969808417
4616,-198.817734824
4617,-329.395780517
4618,-281.692141444
4619,-336.918781816
4620,-228.863945181
4621,-351.587008119
4622,-543.344373838
4623,-279.137148871
4624,-291.868529475
4625,-629.175768044
4626,-274.065961753
4627,-270.720336474
4628,-283.469041616
4629,-324.117453017
4630,-327.666613
4631,-106.594003337
4632,-268.195545789
4633,-87.6169794701
4634,-270.838812259
4635,-289.408790816
4636,-344.798071456
4637,-300.166890182
4638,-80.2035174709
4639,-283.652941748
4640,-436.919590948
4641,-283.601301933
4642,-144.958330636
4643,-306.036878242
4644,-113.212038563
4645,-187.383085064
4646,-272.687526863
4647,-289.664564074
4648,-351.222709747
4649,-298.642514614
4650,-366.615941542
4651,-372.481570003
4652,-284.641976517
4653,-334.720324153
4654,-326.619318237
4655,-329.528231429
4656,-301.902214696
4657,-297.205085421
4658,-350.756440504
4659,-310.291813158
4660,-399.654289824
4661,-562.303177335
4662,-299.712997717
4663,-281.307176612
4664,-290.027028494
4665,-266.689182809
4666,-159.317218188
4667,-81.1923718991
4668,-337.929850607
4669,-366.152683828
4670,-265.290609644
4671,-276.355122065
4672,-355.693560619
4673,-320.158320005
4674,-102.682574342
4675,-346.251660243
4676,-284.543806337
4677,-410.005254377
4678,-319.224305132
4679,-278.536490339
4680,-275.514630779
4681,-283.745272858
4682,-270.444204372
4683,-267.031710794
4684,-551.44710338
4685,-270.845099092
4686,-279.721040454
4687,-276.597496688
4688,-553.57500345
4689,-286.612845633
4690,-301.827124568
4691,-269.330103558
4692,-269.018546527
4693,-286.500192043
4694,-370.927701341
4695,-413.557904446
4696,-106.350072039
4697,-376.371195977
4698,-414.867909317
4699,-353.219023934
4700,-267.282892008
4701,-265.273969075
4702,-304.28416316
4703,-301.854419483
4704,-435.91482056
4705,-304.019882966
4706,-282.939550837
4707,-709.060728523
4708,-318.586814314
4709,-284.882845705
4710,-268.628829872
4711,-119.885260459
4712,-303.447811312
4713,-282.228806642
4714,-391.481130929
4715,-296.238596163
4716,-268.455143539
4717,-278.190332176
4718,-302.321862373
4719,-313.458854289
4720,-915.440565598
4721,-288.97833788
4722,-459.126807523
4723,-313.945247093
4724,-220.622545575
4725,-269.263812848
4726,-362.545885742
4727,-319.885439087
4728,-270.451899826
4729,-128.038060865
4730,-280.736371345
4731,-284.516930053
4732,-622.729703917
4733,-295.802529387
4734,-126.386876986
4735,-306.375849402
4736,-180.126744184
4737,-287.553667303
4738,-292.169264806
4739,-298.96684049
4740,-318.109298494
4741,-320.847483991
4742,-281.90538046
4743,-314.367820391
4744,-295.146311434
4745,-275.06212622
4746,-173.705717644
4747,-273.486966815
4748,-464.73185541
4749,-160.966907378
4750,-431.019125119
4751,-698.455966388
4752,-752.92380107
4753,-290.90135149
4754,-448.390909842
4755,-232.159555599
4756,-368.461554363
4757,-345.846731097
4758,-339.372790435
4759,-336.115292304
4760,-318.239425564
4761,-387.389347119
4762,-115.245056228
4763,-276.795532719
4764,-278.667483398
4765,-167.958505576
4766,-283.391013386
4767,-271.993064835
4768,-298.948012992
4769,-293.855596209
4770,-335.341842612
4771,-313.600120844
4772,-341.271278188
4773,-270.986644964
4774,-440.920460116
4775,-357.805410149
4776,-742.634190434
4777,-266.203913726
4778,-362.6347447
4779,-277.222309056
4780,-98.9033466007
4781,-343.423527115
4782,-309.180720675
4783,-295.643133556
4784,-350.048608251
4785,-125.697890554
4786,-299.588644002
4787,-282.795687226
4788,-285.964897689
4789,-364.173990251
4790,-180.714172916
4791,-277.574880139
4792,-259.168537498
4793,-429.843418298
4794,-356.513271706
4795,-390.834903068
4796,-102.87483227
4797,-331.048827261
4798,-283.363260398
4799,-284.551444861
4800,-438.121120905
4801,-275.459838222
4802,-939.953751313
4803,-467.271169694
4804,-380.771038304
4805,-331.651210304
4806,-379.174785146
4807,-272.584380197
4808,-376.486407921
4809,-300.250588556
4810,-303.809297508
4811,-304.685727601
4812,-92.6320431656
4813,-486.077767157
4814,-498.396510991
4815,-515.969573683
4816,-405.859121695
4817,-271.645288271
4818,-318.045074404
4819,-279.827358727
4820,-435.499471496
4821,-271.827097126
4822,-112.660928869
4823,-318.88535726
4824,-92.7765626197
4825,-113.344314034
4826,-328.701220884
4827,-310.822023307
4828,-330.203015656
4829,-284.4825829
4830,-408.455682971
4831,-279.975641117
4832,-279.725715551
4833,-387.634168941
4834,-357.590794705
4835,-284.66715112
4836,-270.013625618
4837,-369.806615167
4838,-526.306994734
4839,-517.494891068
4840,-321.554285435
4841,-285.726868904
4842,-274.378333362
4843,-279.735657938
4844,-374.704772864
4845,-277.89577388
4846,-266.812335378
4847,-340.33701506
4848,-275.069908632
4849,-483.425647507
4850,-788.004095233
4851,-275.802817869
4852,-278.448218236
4853,-278.952426673
4854,-283.293184984
4855,-299.264315976
4856,-277.548768902
4857,-360.530627319
4858,-107.757733079
4859,-399.101965951
4860,-315.276482382
4861,-289.765679457
4862,-509.428306441
4863,-337.10151874
4864,-470.979327537
4865,-287.868566763
4866,-271.028829728
4867,-501.181899202
4868,-283.876535467
4869,-449.425705849
4870,-313.265409929
4871,-601.104935881
4872,-311.354006732
4873,-109.399638189
4874,-272.076989415
4875,-321.293628852
4876,-813.067490683
4877,-279.154794861
4878,-317.167714986
4879,-662.813813402
4880,-674.202027901
4881,-346.839079049
4882,-775.417451138
4883,-307.13016107
4884,-332.042271356
4885,-284.872763332
4886,-350.143751346
4887,-367.393032042
4888,-285.31316533
4889,-292.307242698
4890,-1202.87461843
4891,-282.841355341
4892,-157.799342063
4893,-294.61825894
4894,-104.575015757
4895,-356.846003739
4896,-273.405219997
4897,-302.237022884
4898,-509.341187554
4899,-201.265615462
4900,-288.573033351
4901,-396.205317987
4902,-344.661143312
4903,-306.21202455
4904,-278.841767942
4905,-118.086902823
4906,-297.832405235
4907,-623.951652239
4908,-681.42367775
4909,-317.829632631
4910,-325.773010475
4911,-282.078258458
4912,-300.577186051
4913,-284.060740243
4914,-258.121135749
4915,-303.469446991
4916,-319.094448939
4917,-356.731192177
4918,-331.699539192
4919,-304.237493006
4920,-81.8743301428
4921,-332.730895302
4922,-109.537594953
4923,-395.138315473
4924,-298.192058452
4925,-472.733348202
4926,-285.994130183
4927,-292.6455908
4928,-460.812766485
4929,-284.209771574
4930,-517.277791601
4931,-268.92319626
4932,-328.64637237
4933,-283.619216068
4934,-304.367654146
4935,-267.41185992
4936,-281.849338177
4937,-311.559348099
4938,-556.761230023
4939,-360.812306097
4940,-293.134861629
4941,-117.643071598
4942,-615.235850248
4943,-282.589516521
4944,-341.678700823
4945,-285.259011401
4946,-286.89496236
4947,-342.929293182
4948,-279.607298047
4949,-275.991103342
4950,-390.348671226
4951,-458.496639429
4952,-313.538858402
4953,-266.67333119
4954,-296.916546324
4955,-404.334389864
4956,-347.635805345
4957,-288.570849331
4958,-289.572748716
4959,-350.090602078
4960,-419.850212129
4961,-282.517538689
4962,-323.975427555
4963,-268.856263546
4964,-279.495752795
4965,-663.582275286
4966,-411.158417546
4967,-1120.9883517
4968,-94.4649872115
4969,-101.590167134
4970,-277.108394567
4971,-159.652816717
4972,-272.769730589
4973,-428.939615037
4974,-314.768887155
4975,-442.984677016
4976,-308.737431319
4977,-102.651605392
4978,-345.371283883
4979,-403.781309699
4980,-289.593806204
4981,-270.248994501
4982,-414.456606198
4983,-363.256928427
4984,-419.38994825
4985,-338.849230474
4986,-275.771789593
4987,-287.539056081
4988,-329.985808605
4989,-291.373141705
4990,-290.205931104
4991,-325.976697179
4992,-287.75510433
4993,-272.251766693
4994,-276.81493296
4995,-507.472593419
4996,-298.205683677
4997,-288.034250836
4998,-403.296165287
4999,-249.476507856
5000,-348.214985918
