Point_ID,Output
1,-6.67672130141
2,-6.6806410979
3,-6.55835646553
4,-6.68452716837
5,-6.43530283889
6,-6.60208711078
7,-6.68012396092
8,-6.66988382322
9,-6.68399275411
10,-6.66965954289
11,-6.67695487043
12,-6.02530191693
13,-6.50179247593
14,-6.66927779513
15,-6.68475490847
16,-6.54752561388
17,-6.67964732538
18,-6.45809103466
19,-6.60355699902
20,-6.68482291051
21,-6.38448593407
22,-6.42131350683
23,-6.68312948046
24,-6.39315683257
25,-6.63335283972
26,-6.60642177647
27,-6.68349884391
28,-6.62097190667
29,-6.68477483053
30,-6.6722886284
31,-6.4151781254
32,-6.57909133044
33,-6.67765805467
34,-6.33077178045
35,-6.6534381596
36,-6.62832837799
37,-6.52963657916
38,-6.68480944822
39,-6.4771649828
40,-6.59664222988
41,-6.48342148583
42,-6.50082164356
43,-6.68017103969
44,-6.61050202338
45,-6.68044062936
46,-6.6776458764
47,-6.64475661387
48,-6.58943590541
49,-6.60363425722
50,-6.58847710236
51,-6.27820318033
52,-6.47548707652
53,-6.67120144726
54,-6.55277084646
55,-6.47316469497
56,-6.22779722436
57,-6.67350434898
58,-6.68243373774
59,-6.6848228633
60,-6.66879917081
61,-6.48412941299
62,-6.36450360423
63,-6.68482059015
64,-6.14930539469
65,-6.08901716857
66,-6.20281817959
67,-6.58740242662
68,-6.49849464839
69,-6.68467275886
70,-6.35435635595
71,-6.52596405745
72,-6.68482255656
73,-6.68070692318
74,-6.57386329308
75,-6.66262350175
76,-6.66719708325
77,-6.65115455919
78,-6.66891215878
79,-6.41259239875
80,-6.6848228903
81,-6.24579892378
82,-6.22733949862
83,-6.61692690012
84,-6.68222993857
85,-6.23066286685
86,-6.68157264378
87,-6.67640954777
88,-6.62073492478
89,-6.52848635651
90,-6.68443559732
91,-6.68188298235
92,-6.63462869211
93,-6.50835485041
94,-6.62102680058
95,-6.27807991394
96,-6.67168732335
97,-6.23200514499
98,-6.04833530325
99,-6.40119059289
100,-6.60180417324
101,-6.67483796438
102,-6.67918308227
103,-6.68480764315
104,-6.56275004229
105,-6.68045895398
106,-6.58280936885
107,-6.68354919452
108,-6.26916077767
109,-6.47138475683
110,-5.75529225348
111,-6.68481944673
112,-6.56767845101
113,-6.59789469239
114,-6.55610714201
115,-6.66248519763
116,-6.66389037009
117,-6.49708058291
118,-6.63560428284
119,-6.68479749777
120,-6.45647046522
121,-6.67827434345
122,-6.38337980505
123,-6.59298741506
124,-6.684751406
125,-6.21872804329
126,-6.60650851449
127,-6.62780484018
128,-6.52366333927
129,-6.68172067419
130,-6.53874514808
131,-6.1645597081
132,-6.64715530146
133,-6.68480812736
134,-6.60873897106
135,-6.68439819386
136,-6.67727395516
137,-6.60623365863
138,-6.55762776545
139,-6.4871264968
140,-6.50262466823
141,-6.66765569517
142,-6.68431137055
143,-6.58610780751
144,-6.6848229133
145,-6.60730844114
146,-6.68286605471
147,-6.10229271429
148,-6.68326996929
149,-6.62093248873
150,-6.67610747496
151,-6.68347236955
152,-6.59132759896
153,-6.68436546413
154,-6.68436621665
155,-6.676826296
156,-6.67887326108
157,-6.45797176351
158,-6.58073823324
159,-6.68449677546
160,-6.63480955555
161,-6.61855934793
162,-6.68271292588
163,-6.52737770705
164,-6.68117507455
165,-6.68482266626
166,-6.6848229133
167,-6.68482221172
168,-6.59188798273
169,-6.46569147286
170,-6.25059058964
171,-6.68329584892
172,-6.3471845597
173,-6.6048774119
174,-6.54823101646
175,-6.51202751362
176,-6.6348645931
177,-5.94029057337
178,-6.68478539369
179,-6.61563779548
180,-6.63914988256
181,-6.45058183925
182,-6.23649549587
183,-6.65912713651
184,-6.62603141264
185,-6.634533139
186,-6.50754858396
187,-6.67223893843
188,-6.68131792582
189,-6.68452914212
190,-6.50723514524
191,-6.30288400298
192,-6.13545988816
193,-6.46847539648
194,-6.67599530191
195,-6.55653270703
196,-6.68238951147
197,-6.51466476772
198,-6.68481594289
199,-6.59954036477
200,-6.59548966859
201,-6.44205395402
202,-6.63367062064
203,-6.68476476066
204,-6.32979464205
205,-6.62536024705
206,-6.2893926125
207,-6.62835572981
208,-6.65125672315
209,-6.35559922718
210,-6.66665191692
211,-6.64621437759
212,-6.68250444008
213,-6.65618445648
214,-6.49611988821
215,-6.33294379649
216,-6.67832769965
217,-6.46716363235
218,-6.68380720578
219,-6.23137916856
220,-6.68125520974
221,-6.6761918149
222,-6.64787508738
223,-6.68055127884
224,-6.68376965395
225,-6.68021091221
226,-6.67269583719
227,-6.68100325386
228,-6.67750830684
229,-6.51081687789
230,-6.66579831017
231,-6.68478999066
232,-6.68101856815
233,-6.66921247932
234,-6.21759675223
235,-6.61021842784
236,-6.63611483264
237,-6.6848229133
238,-6.60634475461
239,-6.6848229133
240,-6.68463044652
241,-6.64719829364
242,-6.67775971878
243,-6.60280114136
244,-6.6847753393
245,-6.63572185298
246,-6.55682608161
247,-6.54514930824
248,-6.68482288174
249,-6.68156844074
250,-6.68357553192
251,-6.68479445877
252,-6.6587413309
253,-6.68482290294
254,-6.68419265676
255,-6.38946445813
256,-6.66565519863
257,-6.68272118085
258,-6.68396177226
259,-6.6841402518
260,-6.42836721031
261,-6.55363746592
262,-6.55496058894
263,-6.66975988327
264,-6.39442024446
265,-6.68106968338
266,-6.68328537616
267,-6.605070596
268,-6.68330093542
269,-6.59665988652
270,-6.58020261656
271,-6.5875780883
272,-6.59006504208
273,-6.56057305689
274,-6.68209756337
275,-6.29674694024
276,-6.67386171236
277,-6.68354855704
278,-6.68482291329
279,-6.30637493962
280,-6.58000586128
281,-6.42108440002
282,-6.68400782907
283,-6.63898749917
284,-6.58270280443
285,-6.6444032217
286,-6.68145592053
287,-6.25858866092
288,-6.44711505198
289,-6.68482058448
290,-6.48608139667
291,-5.95490230972
292,-6.68286908275
293,-6.68369431064
294,-6.35913442111
295,-6.49600071504
296,-6.53896232465
297,-6.34035499761
298,-6.41142661854
299,-6.51300912237
300,-6.57166849024
301,-6.39758436085
302,-6.66946099451
303,-6.53827641399
304,-6.67097751654
305,-6.45131865993
306,-6.62887178691
307,-6.67684072477
308,-6.68443564827
309,-6.6718104669
310,-6.68396439615
311,-6.63011352335
312,-6.68027238053
313,-6.6833286371
314,-6.38339919301
315,-6.66238970822
316,-6.6834914639
317,-6.62608557545
318,-6.3256044848
319,-6.49231861948
320,-6.64508729826
321,-6.68440899119
322,-6.63528279453
323,-6.44227711922
324,-6.67111123046
325,-6.6512390661
326,-6.46938082537
327,-6.67563374028
328,-6.61498317227
329,-6.6841217032
330,-6.63783706249
331,-6.6474690094
332,-6.67962972592
333,-6.47166543683
334,-6.6844115908
335,-6.54021255329
336,-6.68443660474
337,-6.67890069741
338,-6.68112072881
339,-6.67650604693
340,-6.63756567585
341,-6.63194372239
342,-6.53238449367
343,-6.53301220588
344,-6.62951069376
345,-6.24242056755
346,-6.68479823046
347,-6.45901471194
348,-6.67196090408
349,-6.68219454364
350,-6.62626613716
351,-6.3476097085
352,-6.63849643814
353,-6.67378568158
354,-6.6731191758
355,-6.64770533461
356,-6.48189061454
357,-6.60293360578
358,-6.66002215684
359,-6.35430874558
360,-6.68368518264
361,-6.6848229133
362,-6.63565235696
363,-6.5698347265
364,-6.6764232203
365,-6.33448188746
366,-6.68479874293
367,-6.68473817458
368,-6.68219888153
369,-6.07003551109
370,-6.27763248454
371,-6.68353833073
372,-6.59241173611
373,-6.67440410761
374,-6.67952005153
375,-6.62006007344
376,-6.68393067682
377,-6.68425790771
378,-6.42584651596
379,-6.40393102947
380,-6.68386249984
381,-6.5500213468
382,-6.68433755729
383,-6.29217026014
384,-6.55114481823
385,-6.68482290873
386,-6.68356505035
387,-6.66396992989
388,-6.45381200535
389,-5.97487245344
390,-6.60702497452
391,-6.67698982862
392,-6.68482291323
393,-6.68198497074
394,-6.54760461532
395,-6.68482291154
396,-6.62494796072
397,-6.52915170097
398,-6.60878980959
399,-6.62968815481
400,-6.26208498443
401,-6.67772908614
402,-6.65865619453
403,-6.68420609507
404,-6.39620752339
405,-6.49280610998
406,-6.67738237861
407,-6.63996732406
408,-6.67079043477
409,-6.6843163923
410,-6.58287467791
411,-6.65710243872
412,-6.62105319442
413,-6.54947417148
414,-6.68170785534
415,-6.63209077687
416,-6.66656160665
417,-6.68036576432
418,-6.68462924268
419,-6.28076890533
420,-6.41798436274
421,-6.57753621426
422,-6.68408100141
423,-6.60483964796
424,-6.51519880409
425,-6.66436710211
426,-6.67694913323
427,-6.5165034257
428,-6.55997179431
429,-6.37867297763
430,-6.53112581447
431,-6.35800968274
432,-6.66594913144
433,-6.68188858319
434,-6.6848143117
435,-6.64359785553
436,-6.59527391113
437,-6.67818842344
438,-6.67007108331
439,-6.6848229133
440,-6.68453040171
441,-6.59021557912
442,-6.18754374201
443,-6.40930776324
444,-6.44313554454
445,-6.68062037389
446,-6.66171929444
447,-6.67349303166
448,-6.36599401025
449,-6.30514285525
450,-6.66940887752
451,-6.28838817844
452,-6.6729347776
453,-6.68469388927
454,-6.44772642673
455,-6.30721255202
456,-6.63009681882
457,-6.57779923026
458,-6.66084892894
459,-6.68283772748
460,-6.6387377395
461,-6.68290140505
462,-6.6257680295
463,-6.68428651778
464,-6.65730206504
465,-6.68481486226
466,-6.68350649891
467,-6.21247239194
468,-6.53950052446
469,-6.33089200662
470,-6.59827756118
471,-6.68324963552
472,-6.62128011953
473,-6.67622420157
474,-6.66716307227
475,-6.41987330458
476,-6.63991509971
477,-6.68482135937
478,-6.68479749585
479,-6.37573542542
480,-6.68223112341
481,-6.67888009655
482,-6.64239570313
483,-6.34959907863
484,-6.4882767092
485,-6.64966663656
486,-6.53954543602
487,-6.58409877241
488,-6.68241419757
489,-6.48695771451
490,-6.58555140563
491,-6.66735639157
492,-6.68482286388
493,-6.67345334907
494,-6.4409246415
495,-6.68482291329
496,-6.6736589934
497,-6.24565892116
498,-6.67028788786
499,-6.65914701068
500,-6.30244673286
501,-6.54938494597
502,-6.6339160842
503,-6.38169467694
504,-6.30884504102
505,-6.48467147837
506,-6.68066311513
507,-6.68403870339
508,-6.68458209016
509,-6.67682902266
510,-6.2416415658
511,-6.65086757058
512,-6.66738008894
513,-6.68432071728
514,-6.33299438195
515,-6.66554659857
516,-6.68119642635
517,-6.65209082505
518,-6.65203504168
519,-6.6828060805
520,-6.56605906353
521,-6.6838733495
522,-6.66049263348
523,-6.59261491914
524,-6.6088606254
525,-6.57315503679
526,-6.6326965879
527,-6.64929756027
528,-6.68480333005
529,-6.66245403155
530,-6.48742439004
531,-6.53877270439
532,-6.48138594476
533,-6.42304234264
534,-6.64890181535
535,-6.67097084558
536,-6.42064154993
537,-6.65772842644
538,-6.68461868237
539,-6.68183952057
540,-6.54837893545
541,-6.31379444982
542,-6.68445099893
543,-6.45769040052
544,-6.54689454297
545,-6.68050380922
546,-6.59808191268
547,-6.66726569913
548,-6.68472853794
549,-6.66804466684
550,-6.68459049049
551,-6.68441369748
552,-6.67274199952
553,-6.62163517802
554,-6.39137990643
555,-6.68482286107
556,-6.49620169856
557,-6.41214000476
558,-6.0171468166
559,-6.68354714741
560,-6.35264434486
561,-6.48277664491
562,-6.57949761655
563,-6.68481723152
564,-6.67764010953
565,-6.51232986933
566,-6.62936159417
567,-6.67670905391
568,-6.67225381628
569,-6.43243009558
570,-6.6836771482
571,-6.52137550858
572,-6.57598697715
573,-6.68397215744
574,-6.55112448774
575,-5.81577939754
576,-6.51205287253
577,-6.49059135483
578,-6.54976006763
579,-6.66428241234
580,-6.65971992811
581,-6.64763686907
582,-6.68481856501
583,-6.68480035457
584,-6.55307954473
585,-6.4787442434
586,-6.56458503192
587,-6.66290731267
588,-6.68457611299
589,-6.68420301131
590,-6.67736051815
591,-6.50708991197
592,-6.31740649403
593,-6.68482274409
594,-6.68427185762
595,-6.68476642265
596,-6.68056983312
597,-6.62009911062
598,-6.64511591321
599,-6.68407535702
600,-6.68439767779
601,-6.6684746002
602,-6.1782658476
603,-6.25058294827
604,-6.4409391575
605,-6.65146949636
606,-6.68457277236
607,-6.67347624808
608,-6.01061877927
609,-6.68261280925
610,-6.64535353095
611,-6.68310058498
612,-6.67948210627
613,-6.63483136218
614,-6.67484289726
615,-6.67842518311
616,-6.49673810781
617,-6.68478257837
618,-6.60541392549
619,-6.66503797124
620,-6.60102436229
621,-6.67443015567
622,-6.68482100468
623,-6.45825553388
624,-6.67968829418
625,-6.62684738049
626,-6.60954963759
627,-6.68482291329
628,-6.56821285375
629,-6.54023612814
630,-6.54723861513
631,-6.26490393785
632,-6.67730011756
633,-6.38673947171
634,-6.65735385885
635,-6.66518783662
636,-6.48969281863
637,-6.57153767084
638,-6.62548875891
639,-6.65171354477
640,-6.37652391755
641,-6.67982610016
642,-6.68482290964
643,-6.64069355125
644,-6.49187296529
645,-6.62443343855
646,-6.6772996164
647,-6.68382796198
648,-6.67424999046
649,-6.68482274423
650,-6.68375706215
651,-6.17327033875
652,-6.6837539704
653,-6.25105576447
654,-6.6707857497
655,-6.38880052686
656,-6.67601215637
657,-6.43187544273
658,-6.35499792453
659,-6.52775476064
660,-6.68074329377
661,-6.68482284199
662,-6.62681274301
663,-6.6806310444
664,-6.61082947977
665,-6.47896987093
666,-6.52400561657
667,-6.38385249067
668,-6.20735659035
669,-6.67706155197
670,-6.61520977749
671,-6.68478786994
672,-6.59269540902
673,-6.53022337682
674,-5.96843683421
675,-6.62878698919
676,-6.66790426665
677,-6.68086705395
678,-6.61499726402
679,-6.68298947984
680,-6.67512472441
681,-6.68411331118
682,-6.6848229133
683,-6.64762738107
684,-6.49522824473
685,-6.39202032335
686,-6.51515498279
687,-6.65398262249
688,-6.6848229133
689,-6.68383612841
690,-6.44893976278
691,-6.46146057732
692,-6.5823483266
693,-6.24903597259
694,-6.56799266306
695,-6.37014523233
696,-6.48118588653
697,-6.64528493214
698,-6.59381560431
699,-6.65888637481
700,-6.6602191662
701,-6.55186552401
702,-6.68473262918
703,-6.67471717775
704,-6.67308227222
705,-6.67536380851
706,-6.59802941253
707,-6.68477473476
708,-6.68282357691
709,-6.13974016894
710,-6.63311991478
711,-6.68482077103
712,-6.66973993454
713,-6.60597322401
714,-6.35407621861
715,-6.55541175879
716,-6.65386894025
717,-6.36391514382
718,-6.6848229133
719,-6.56476790822
720,-6.66454885056
721,-6.67647532845
722,-6.68480559426
723,-6.67141162553
724,-6.52549580738
725,-6.41845978571
726,-5.91277460564
727,-6.35029033163
728,-6.60554783236
729,-6.68454840563
730,-6.40562798579
731,-6.61830122688
732,-6.68461771452
733,-6.63920518322
734,-6.30460816992
735,-6.45764897743
736,-6.23484759952
737,-6.43610051552
738,-6.65176918328
739,-6.68261128541
740,-6.38341207601
741,-6.64198601523
742,-6.49493351156
743,-6.18459502643
744,-6.6807224079
745,-6.53768598648
746,-6.67589069387
747,-6.58580193896
748,-6.60131731727
749,-6.32671336502
750,-6.68482234015
751,-6.15291491098
752,-6.17935656032
753,-6.67853500826
754,-6.49751127647
755,-6.52924784432
756,-6.59712509356
757,-6.31786258171
758,-6.68481530204
759,-6.15582280661
760,-6.65938550867
761,-6.66152526015
762,-6.20217684378
763,-6.61341003932
764,-6.68481729576
765,-6.65658514286
766,-6.68480117169
767,-6.68244213807
768,-6.25930848235
769,-6.64435848722
770,-6.51637196724
771,-6.62660313976
772,-6.18114266568
773,-6.67448917401
774,-6.65436538272
775,-6.68466823993
776,-6.47138932077
777,-6.59846410987
778,-6.62948845142
779,-6.64651025048
780,-6.16199533105
781,-6.638909474
782,-6.66592095391
783,-6.60626780693
784,-6.68185384774
785,-6.68430486078
786,-6.22036945503
787,-6.53419206038
788,-6.64908623856
789,-6.68473769642
790,-6.68425790757
791,-6.52836732324
792,-6.47889263381
793,-6.63365339196
794,-6.27587129075
795,-6.66165293001
796,-6.64582437152
797,-6.68447726642
798,-6.68327794443
799,-6.6240725172
800,-6.55509870773
801,-6.48686284652
802,-6.67493421291
803,-6.18516559535
804,-6.03952185683
805,-6.19646476325
806,-6.53624372399
807,-6.66993105751
808,-6.68437221686
809,-6.65413196936
810,-6.36631409722
811,-6.33516903643
812,-6.62853407933
813,-6.5297115086
814,-6.68102662231
815,-6.64028305161
816,-6.48115856418
817,-6.68358219005
818,-6.68477311868
819,-6.64954050533
820,-6.31212005467
821,-6.67421932619
822,-6.67903742136
823,-6.52693643899
824,-6.68446957775
825,-6.4756984046
826,-6.6833253544
827,-6.48382024941
828,-6.39243082598
829,-6.61938460458
830,-6.44226960554
831,-6.6794254743
832,-6.67551329631
833,-6.25128176787
834,-6.64130791123
835,-6.64470217381
836,-6.48169123514
837,-6.48883760077
838,-6.68474197158
839,-6.36198908562
840,-6.58282886946
841,-6.42353838485
842,-6.68478022752
843,-6.43995264451
844,-6.66838716855
845,-6.25615273463
846,-6.61390500567
847,-6.31953688805
848,-6.67445571239
849,-6.66380899092
850,-6.6470994488
851,-6.40774022016
852,-6.57671930491
853,-6.48460316094
854,-6.67187150062
855,-6.05833190371
856,-6.68257324402
857,-6.62421714185
858,-6.68481228923
859,-6.34809664191
860,-6.3444727096
861,-6.60247181201
862,-6.6685855877
863,-6.68383858371
864,-6.44189831683
865,-6.55955068664
866,-6.32485626012
867,-6.64816589188
868,-6.68482286635
869,-6.5807319175
870,-6.6269267427
871,-6.60412136408
872,-6.65923083155
873,-6.68449262234
874,-6.60099482522
875,-6.67628934057
876,-6.51590569858
877,-6.68473369145
878,-6.67733513379
879,-6.68482256679
880,-6.68475642872
881,-6.19753126181
882,-5.78978292289
883,-6.68482291275
884,-6.42791416751
885,-6.63838296477
886,-6.6673544105
887,-6.68113609325
888,-6.65245570198
889,-6.65742097765
890,-6.6148517956
891,-6.5316902565
892,-6.62765773428
893,-6.40477231261
894,-6.3245975932
895,-6.63697770349
896,-6.62337823985
897,-6.29940633927
898,-6.59071160813
899,-6.66362082461
900,-6.6848229133
901,-6.68477635026
902,-6.36357964058
903,-6.63763542704
904,-6.63165914547
905,-6.49370210081
906,-6.58303052867
907,-6.32801300375
908,-6.52398921098
909,-6.58274478464
910,-6.67224439854
911,-6.48641458504
912,-6.45819074131
913,-6.42190801861
914,-6.50036872625
915,-6.67920206313
916,-5.8026897652
917,-6.64190847498
918,-6.64055293018
919,-6.52203830799
920,-6.55176839533
921,-6.68340500175
922,-6.48061144941
923,-6.46538606592
924,-6.6808166448
925,-6.66847791423
926,-6.6317708753
927,-6.61359615668
928,-6.48070968922
929,-6.59020506905
930,-6.65862556426
931,-6.66706380261
932,-6.62672517597
933,-6.59642210877
934,-6.1518007889
935,-5.71818942332
936,-6.68482257211
937,-6.66659670913
938,-6.60411717481
939,-6.25101455275
940,-6.68373865991
941,-6.68394978764
942,-6.66355917707
943,-6.64232581269
944,-6.68482140951
945,-6.67492023619
946,-6.57421211471
947,-6.68482152103
948,-6.65412553111
949,-6.46952853102
950,-6.68481893024
951,-6.42090463366
952,-6.68011443313
953,-6.59299512165
954,-6.33639150869
955,-6.55962031217
956,-6.68204353089
957,-6.68354508827
958,-6.67437305949
959,-6.68436967774
960,-6.65961501208
961,-6.55744387616
962,-6.67980002751
963,-6.67266040317
964,-6.51189253283
965,-6.535644105
966,-6.41236452124
967,-6.68064221777
968,-6.61018772066
969,-6.663609211
970,-6.64459606462
971,-6.64996416875
972,-6.66682974997
973,-6.68432037509
974,-6.68424661103
975,-6.6631884555
976,-6.59877519045
977,-6.68477722841
978,-6.54948203901
979,-6.50916732376
980,-6.67028844153
981,-6.67989215806
982,-6.67534001114
983,-5.91268025344
984,-6.1991412077
985,-6.58224270854
986,-6.45061090462
987,-6.65799247082
988,-6.38446110463
989,-6.45897575135
990,-6.61005262387
991,-6.67790773907
992,-6.59838803047
993,-6.67882592082
994,-6.68481919509
995,-6.66447811808
996,-6.51772204794
997,-6.68014846053
998,-6.68476279223
999,-6.60071897096
1000,-6.68477025913
1001,-6.52213670827
1002,-6.65945697702
1003,-6.59260587949
1004,-6.54504725023
1005,-6.43140799495
1006,-6.67254766545
1007,-6.66927693632
1008,-6.67077590717
1009,-6.5962042786
1010,-6.67128865239
1011,-6.68120782959
1012,-6.52950824414
1013,-6.67634381437
1014,-6.06962220338
1015,-6.61549829045
1016,-6.60899674302
1017,-6.63131267256
1018,-6.6848229133
1019,-6.65774555386
1020,-6.65699047992
1021,-6.66715903164
1022,-6.22981173207
1023,-6.66661711769
1024,-6.5307201089
1025,-6.66327868036
1026,-6.38323408556
1027,-6.68480144466
1028,-6.67725760311
1029,-6.68477038676
1030,-6.68454416148
1031,-6.23943308644
1032,-6.68470716088
1033,-6.40318547985
1034,-6.67355619467
1035,-6.68481915901
1036,-6.6847855819
1037,-6.65634935074
1038,-6.46111746684
1039,-6.6798269741
1040,-6.581790843
1041,-6.39711999117
1042,-6.67742207482
1043,-6.66471652657
1044,-6.6848229133
1045,-6.67623104266
1046,-6.67973847276
1047,-6.55614934371
1048,-6.68184867179
1049,-6.53640052696
1050,-6.53203154464
1051,-6.68202313451
1052,-6.38340542228
1053,-6.50253132138
1054,-6.63820818354
1055,-6.67999621329
1056,-6.59324686733
1057,-6.6647068386
1058,-6.58389702281
1059,-6.68476708038
1060,-6.55984931924
1061,-6.63101090111
1062,-6.66111786395
1063,-6.67448737387
1064,-6.49225644718
1065,-6.68374325978
1066,-6.24464150964
1067,-6.62153715352
1068,-6.68063785944
1069,-6.31571406605
1070,-6.47317551214
1071,-6.42534362003
1072,-6.55532105888
1073,-6.67115807562
1074,-6.38081771286
1075,-6.53770677652
1076,-6.30628993326
1077,-6.67772671643
1078,-6.68222922991
1079,-6.44986384378
1080,-6.65863134142
1081,-6.60493672508
1082,-6.68463601517
1083,-6.63934607998
1084,-6.62363661239
1085,-6.58567831689
1086,-6.68452994246
1087,-6.23032859477
1088,-6.51284726746
1089,-6.67642263924
1090,-6.33306450842
1091,-6.65428791706
1092,-6.68482074591
1093,-6.45045892422
1094,-6.6634507764
1095,-6.56528450249
1096,-6.62613990136
1097,-6.68481890382
1098,-6.51859881964
1099,-6.3718050164
1100,-6.23391416355
1101,-6.68471132897
1102,-6.2854674088
1103,-6.66996624286
1104,-6.68481165901
1105,-6.3566506934
1106,-6.68347655602
1107,-6.68480759759
1108,-6.68478072441
1109,-6.61174254396
1110,-6.68442053807
1111,-6.68482288024
1112,-5.75425776808
1113,-6.62338948544
1114,-6.63081653279
1115,-6.612834257
1116,-6.68032239574
1117,-6.68478651832
1118,-6.30126474873
1119,-6.64414800401
1120,-6.54742580429
1121,-6.26453468054
1122,-6.11633136019
1123,-6.53675642194
1124,-6.66060361688
1125,-6.68480102614
1126,-6.61715853825
1127,-6.54674958667
1128,-6.07814312587
1129,-6.66141157829
1130,-6.58328815492
1131,-6.50756646612
1132,-6.64346345143
1133,-6.68480862807
1134,-6.44927369545
1135,-6.49423296648
1136,-6.37521339377
1137,-6.67353984145
1138,-6.6643301488
1139,-6.68285248132
1140,-6.68450642667
1141,-6.66695952149
1142,-6.6574633016
1143,-6.44521480856
1144,-6.54847131935
1145,-6.6848229133
1146,-6.68063651263
1147,-6.44382546953
1148,-6.65189789782
1149,-6.62204510944
1150,-6.64500287573
1151,-6.50998525551
1152,-6.61056663342
1153,-6.67980817734
1154,-6.11838640013
1155,-6.68423540346
1156,-6.47292254004
1157,-6.68470882086
1158,-6.65324571583
1159,-6.66983428142
1160,-6.68477356114
1161,-6.5700304695
1162,-6.67363623954
1163,-6.5713163965
1164,-6.66862058043
1165,-6.63906109383
1166,-6.56070991767
1167,-6.48885652892
1168,-6.55991836112
1169,-6.64753475208
1170,-6.53387169489
1171,-6.19345520036
1172,-6.68169073164
1173,-6.54830886234
1174,-6.49747458767
1175,-6.68227875831
1176,-6.63337773122
1177,-6.68473360042
1178,-6.62714780262
1179,-6.50784139541
1180,-6.68478718774
1181,-6.63948157406
1182,-6.68480868454
1183,-6.47695422392
1184,-6.61809599381
1185,-6.66344254812
1186,-6.59628103472
1187,-6.56831618148
1188,-6.24717674407
1189,-6.4942014642
1190,-6.2201752896
1191,-6.68358096752
1192,-6.67426018584
1193,-6.00617615854
1194,-6.6680863712
1195,-6.49042347162
1196,-6.66292972514
1197,-6.68455857089
1198,-5.95249300487
1199,-6.63498018874
1200,-6.63736329656
1201,-6.67133551304
1202,-6.67441805031
1203,-6.02897448129
1204,-6.53477912871
1205,-6.53258265975
1206,-6.67813969719
1207,-6.63674778982
1208,-6.63888114235
1209,-6.63588330224
1210,-6.68338144229
1211,-6.63124545164
1212,-6.67562447094
1213,-6.59157706791
1214,-6.29218260755
1215,-6.47275513089
1216,-6.35367051964
1217,-6.64310031603
1218,-6.62924006432
1219,-6.68422438792
1220,-6.6596600512
1221,-6.5662084237
1222,-6.68250334427
1223,-6.67976640397
1224,-6.63730658785
1225,-6.68470701763
1226,-6.54084491153
1227,-6.68307069039
1228,-6.64624125783
1229,-6.52366319252
1230,-6.60503560963
1231,-6.62197786084
1232,-6.67857550586
1233,-6.59244894062
1234,-6.65238925225
1235,-6.68365402046
1236,-6.6307695871
1237,-6.67115086417
1238,-6.35325622239
1239,-6.67331178363
1240,-6.68215242634
1241,-6.68073244536
1242,-6.61419753488
1243,-6.6736721004
1244,-6.67418130683
1245,-6.33418814471
1246,-6.28207154405
1247,-6.6848229113
1248,-6.54286693762
1249,-6.4769064132
1250,-6.64318072862
1251,-6.4717154913
1252,-6.68479922398
1253,-6.68390735163
1254,-6.6789203208
1255,-6.68302620838
1256,-6.66300290404
1257,-6.19378874566
1258,-6.62908145846
1259,-6.14293307869
1260,-6.64234576192
1261,-6.55117570354
1262,-6.58497511105
1263,-6.65149763778
1264,-6.28384261156
1265,-6.36907811503
1266,-6.68067144398
1267,-6.58498670528
1268,-6.67978747602
1269,-6.50805728383
1270,-6.66037287658
1271,-6.15476045788
1272,-6.62002881744
1273,-6.67293431396
1274,-5.89204148044
1275,-6.61804751688
1276,-6.68333524707
1277,-6.68481392463
1278,-6.30972617532
1279,-6.6848229133
1280,-6.43327459042
1281,-6.66114770987
1282,-6.664501814
1283,-6.64396073321
1284,-6.64056197804
1285,-6.65445605747
1286,-6.47938285349
1287,-6.60742770831
1288,-6.63747919103
1289,-6.63492598163
1290,-6.67156632486
1291,-6.6725150069
1292,-6.15737052254
1293,-6.6740316926
1294,-6.68476858222
1295,-6.66655497898
1296,-6.66227802573
1297,-6.04495491368
1298,-6.49450742068
1299,-6.49583002208
1300,-6.6699972127
1301,-6.38466864109
1302,-6.68475990898
1303,-6.6516028324
1304,-6.67651789286
1305,-6.68367214704
1306,-6.48338340719
1307,-6.61863871792
1308,-6.39489296993
1309,-6.67765621807
1310,-6.65284896746
1311,-6.3174821023
1312,-6.68030440455
1313,-6.66048311951
1314,-6.64951953495
1315,-6.56754972722
1316,-6.62406678476
1317,-6.68440705429
1318,-6.67855817158
1319,-6.6848166029
1320,-6.68250149383
1321,-6.68428662982
1322,-6.65038655421
1323,-6.38673556918
1324,-6.66328557998
1325,-6.68481890212
1326,-6.68481748938
1327,-6.60390352314
1328,-6.50046040059
1329,-6.68372468439
1330,-6.49472323883
1331,-6.41451379524
1332,-6.67658257661
1333,-6.35832778193
1334,-6.68481939119
1335,-6.32946320644
1336,-6.68482120686
1337,-6.68482291327
1338,-6.68160457871
1339,-6.62850639015
1340,-6.55757601405
1341,-6.6842153152
1342,-6.66846340603
1343,-6.67756462236
1344,-6.68458436212
1345,-6.67567984853
1346,-6.67013941005
1347,-6.61305848666
1348,-6.48626994431
1349,-6.68407195206
1350,-6.59629516393
1351,-6.60634290269
1352,-6.57027535611
1353,-6.68481416799
1354,-6.68351064576
1355,-6.68467853953
1356,-6.57505903042
1357,-6.68218149709
1358,-6.67364884526
1359,-6.66761113503
1360,-6.52460265607
1361,-6.67598058209
1362,-6.64604006872
1363,-6.44175768492
1364,-6.56603268601
1365,-6.67582841507
1366,-6.68151575636
1367,-6.66750026182
1368,-6.05898028495
1369,-6.66201425995
1370,-6.68472300561
1371,-6.53790414048
1372,-6.42951919794
1373,-6.41810509586
1374,-6.66350924773
1375,-6.68482291291
1376,-6.63462835706
1377,-6.66912533969
1378,-6.14535503516
1379,-6.60119410716
1380,-6.65434589677
1381,-6.59335261803
1382,-6.68468057033
1383,-6.20688736836
1384,-6.56569829288
1385,-6.68473347221
1386,-6.39426399421
1387,-6.15120839612
1388,-6.68198646711
1389,-6.66277974772
1390,-6.47161219476
1391,-6.55167279442
1392,-6.68453134471
1393,-6.61562239948
1394,-6.67537499485
1395,-6.53849185998
1396,-6.6834190645
1397,-6.6828590723
1398,-6.26958371915
1399,-6.68308131319
1400,-6.67875515894
1401,-6.67563273201
1402,-6.67221287769
1403,-6.06593735885
1404,-6.68463708943
1405,-6.68344741355
1406,-6.57646249343
1407,-6.68372425399
1408,-6.46363097853
1409,-6.61322479258
1410,-6.67996120356
1411,-6.60617457616
1412,-6.68204864483
1413,-6.68217011199
1414,-6.37965982891
1415,-6.65805097939
1416,-6.68325567373
1417,-6.63432382839
1418,-6.68384138479
1419,-6.50164410713
1420,-6.6446156133
1421,-6.68450638011
1422,-6.68461124357
1423,-6.52354519927
1424,-6.02128273551
1425,-6.68478309292
1426,-6.17222979732
1427,-6.49331258896
1428,-6.67319323653
1429,-5.959371816
1430,-6.60613440377
1431,-6.68033289517
1432,-6.64889126954
1433,-6.68480935294
1434,-6.65602076452
1435,-6.57269551042
1436,-6.64251307026
1437,-6.42822521339
1438,-6.65476039324
1439,-6.68482283076
1440,-6.56062550234
1441,-6.62829591186
1442,-6.10906980757
1443,-6.66153346191
1444,-6.68482291096
1445,-6.67553208745
1446,-6.68481542217
1447,-6.6815070309
1448,-6.68482123805
1449,-6.65917346267
1450,-6.30587049817
1451,-6.67489101122
1452,-6.68006862538
1453,-6.29126050031
1454,-6.28787674661
1455,-6.67225751129
1456,-6.66188686204
1457,-6.68479961099
1458,-6.32008373412
1459,-6.44708321243
1460,-6.27381954461
1461,-6.67162352739
1462,-6.67265914486
1463,-6.6837319274
1464,-6.68459873939
1465,-6.65824346916
1466,-6.52476154335
1467,-6.63943473768
1468,-6.37651576753
1469,-6.68460803315
1470,-6.61780546146
1471,-6.19331238643
1472,-6.68482281176
1473,-6.64245783599
1474,-6.5966953972
1475,-6.51565441311
1476,-6.68449671967
1477,-6.57685708215
1478,-6.14528635796
1479,-6.62250829513
1480,-6.67737396698
1481,-6.66079077781
1482,-6.5363447402
1483,-6.68209867084
1484,-6.67949166382
1485,-6.36592312109
1486,-6.67347365436
1487,-6.66711891895
1488,-6.0419769875
1489,-6.63826287415
1490,-6.55131351464
1491,-6.40428157178
1492,-6.07296497525
1493,-6.30265589237
1494,-6.50147969325
1495,-6.67416874411
1496,-6.35897767766
1497,-6.68415117425
1498,-6.67201178958
1499,-6.68132024249
1500,-6.61201854792
1501,-6.68388183728
1502,-6.6555476148
1503,-6.54796078915
1504,-6.6650698641
1505,-6.58721930469
1506,-6.68445694919
1507,-6.2242908583
1508,-6.35404146908
1509,-6.46790643364
1510,-6.25304735195
1511,-6.48246293181
1512,-6.61004440216
1513,-6.68357621209
1514,-6.66327612248
1515,-6.6841419542
1516,-6.67376193505
1517,-5.83857165567
1518,-6.30436736964
1519,-6.5790917709
1520,-6.57112109097
1521,-6.55076151409
1522,-6.61847452141
1523,-6.68400334584
1524,-6.38672963717
1525,-6.66841835325
1526,-6.62711512017
1527,-6.57224384677
1528,-6.68358342727
1529,-6.67489398138
1530,-6.61973011726
1531,-6.59061873756
1532,-6.25221423314
1533,-6.67127604576
1534,-6.4936128544
1535,-6.59390586458
1536,-6.3637904024
1537,-6.57123442297
1538,-6.66342089101
1539,-6.30172222619
1540,-6.54125628132
1541,-6.55209090184
1542,-6.47045750871
1543,-6.60750927285
1544,-6.60557384541
1545,-6.63468910118
1546,-6.49205750955
1547,-6.66988924133
1548,-6.66506065322
1549,-6.67744244233
1550,-6.6745020705
1551,-6.68409148535
1552,-6.56611303876
1553,-6.38597234228
1554,-6.65888185675
1555,-6.62678751097
1556,-6.65151436339
1557,-6.59997657902
1558,-6.1971960001
1559,-6.68482243717
1560,-6.37205537358
1561,-6.5179213972
1562,-6.68482265316
1563,-6.68157280181
1564,-6.6734146531
1565,-6.43822341156
1566,-6.34288039708
1567,-6.67936465298
1568,-6.67658199231
1569,-6.59745553745
1570,-6.62692917379
1571,-6.57366197525
1572,-6.67823833804
1573,-6.4485451759
1574,-6.68180249115
1575,-6.67844893627
1576,-6.62486451921
1577,-6.68377259625
1578,-6.53035553123
1579,-6.52045782387
1580,-6.68443237322
1581,-6.68347837435
1582,-6.68134611062
1583,-6.66756937863
1584,-6.36830736281
1585,-6.67990896984
1586,-6.63058829943
1587,-6.64956740873
1588,-6.6811473779
1589,-6.64996449778
1590,-6.65333988791
1591,-6.68475437758
1592,-6.39818123065
1593,-6.3590611586
1594,-6.66414708839
1595,-6.6848229133
1596,-6.56781935681
1597,-6.6632633598
1598,-6.60418634422
1599,-6.67549070122
1600,-6.6848229133
1601,-6.63350223781
1602,-6.67651241853
1603,-6.6848229133
1604,-6.57650860715
1605,-6.67107210645
1606,-6.68458559648
1607,-6.51878902476
1608,-6.62432204831
1609,-6.5941393401
1610,-6.68480016146
1611,-6.18540908304
1612,-6.68096034808
1613,-6.48481581304
1614,-6.68388088957
1615,-6.61947316813
1616,-6.68404272397
1617,-6.49002937006
1618,-6.42734916246
1619,-6.50467376551
1620,-6.62270258723
1621,-6.68210582013
1622,-6.68439383801
1623,-6.68061173216
1624,-6.42373300384
1625,-6.68481791503
1626,-6.66796567689
1627,-6.59773030663
1628,-6.68482257908
1629,-6.59260642239
1630,-6.38736827669
1631,-6.66962251852
1632,-6.67985820997
1633,-6.56614922239
1634,-6.68454271697
1635,-6.68481307206
1636,-6.22835166996
1637,-6.66457897908
1638,-6.56806342192
1639,-6.64028232105
1640,-6.68376172916
1641,-6.42240237908
1642,-6.40288611905
1643,-6.67271650579
1644,-6.63776082798
1645,-6.63482414724
1646,-6.65808536979
1647,-6.53953150658
1648,-6.68398510978
1649,-6.6469121581
1650,-6.47196204867
1651,-6.56496323023
1652,-6.62952075073
1653,-6.63816968885
1654,-6.68481844386
1655,-6.67681311423
1656,-6.5237932083
1657,-6.362838034
1658,-6.61607812842
1659,-6.68482244042
1660,-6.68417928149
1661,-6.67904668879
1662,-6.6847168202
1663,-6.54870690385
1664,-6.56355502324
1665,-6.63996474685
1666,-6.64518236956
1667,-6.67616945919
1668,-6.64588140484
1669,-6.68480317811
1670,-6.68189202512
1671,-6.68073768659
1672,-6.6847498481
1673,-6.33002450152
1674,-6.5691638941
1675,-6.53418377882
1676,-6.68396882395
1677,-6.65604863109
1678,-6.6752188625
1679,-6.66364904868
1680,-6.64157756674
1681,-6.68408596168
1682,-6.35224203189
1683,-6.13353438535
1684,-6.68480996481
1685,-6.66933131638
1686,-6.58233805397
1687,-6.31981124131
1688,-6.6848229133
1689,-6.68165590986
1690,-6.66014289891
1691,-6.68474285737
1692,-6.65613517771
1693,-6.13469823719
1694,-6.54444478896
1695,-6.65935298879
1696,-6.59718044851
1697,-6.67215535605
1698,-6.6820948625
1699,-6.68435535067
1700,-6.66908599393
1701,-6.66364052662
1702,-6.40753509881
1703,-6.56453479456
1704,-6.15752274436
1705,-6.68435351739
1706,-6.6848229133
1707,-6.50242851985
1708,-6.40925913812
1709,-6.4678964512
1710,-6.25292470089
1711,-6.62657775787
1712,-6.64284790567
1713,-6.45103094709
1714,-6.68473541782
1715,-6.67273806937
1716,-6.68473817319
1717,-6.62122245119
1718,-6.67749695527
1719,-6.58286135434
1720,-6.37887093178
1721,-6.6848229133
1722,-6.5100681017
1723,-6.42071075113
1724,-5.91216230169
1725,-6.68227420336
1726,-6.68388766202
1727,-6.64337571869
1728,-6.66242985114
1729,-6.68303704539
1730,-6.54510455165
1731,-6.68078792129
1732,-6.67527205537
1733,-6.68040410804
1734,-6.68478910705
1735,-6.46318724431
1736,-6.65693192727
1737,-6.65380708597
1738,-6.11829548199
1739,-6.68430028557
1740,-6.67668388757
1741,-6.61318465494
1742,-6.29184780001
1743,-6.58851547462
1744,-6.45383296468
1745,-6.68096326689
1746,-6.68403051914
1747,-6.68455712301
1748,-6.67218696493
1749,-6.67526743865
1750,-6.61774523751
1751,-6.65025413628
1752,-6.60846951598
1753,-6.49660737585
1754,-6.16054011338
1755,-6.67592857504
1756,-6.67743232854
1757,-6.68223532864
1758,-6.22438701027
1759,-6.68482291326
1760,-6.53918082129
1761,-6.67764083016
1762,-6.68482291144
1763,-6.67920094533
1764,-6.51346187722
1765,-6.6833843213
1766,-6.64172850106
1767,-6.68473752392
1768,-6.65502541716
1769,-6.67905714499
1770,-6.60462276922
1771,-6.67269260672
1772,-6.68467376002
1773,-6.63234503093
1774,-6.4390896644
1775,-6.51622829376
1776,-6.22774482943
1777,-6.53484614583
1778,-6.67466231069
1779,-6.16546586247
1780,-6.65396740967
1781,-6.50057460298
1782,-6.26518135687
1783,-6.48862601837
1784,-6.45919064551
1785,-6.66645497568
1786,-6.57541548884
1787,-6.6725081319
1788,-6.62639651775
1789,-6.30410591369
1790,-6.2038252198
1791,-6.58385568614
1792,-6.68388216761
1793,-6.65810402441
1794,-6.48676364581
1795,-6.63980147145
1796,-6.43269632195
1797,-6.51117276274
1798,-6.27875700735
1799,-6.56098115375
1800,-6.30406140471
1801,-6.59502666003
1802,-6.37891007081
1803,-6.6042967475
1804,-6.49562223891
1805,-6.43757859563
1806,-6.50000898533
1807,-6.64526021535
1808,-6.36697526574
1809,-6.68468107337
1810,-6.10256277831
1811,-6.37189978575
1812,-6.66357935148
1813,-6.49510012179
1814,-6.6815536761
1815,-6.57006641562
1816,-6.66152708313
1817,-6.19450390718
1818,-6.66002138284
1819,-6.39190906154
1820,-6.68481399948
1821,-6.33673771328
1822,-6.58800735815
1823,-6.64598049706
1824,-6.65775495466
1825,-6.6848229133
1826,-6.67659893835
1827,-6.68462517301
1828,-6.59937604455
1829,-6.60851762375
1830,-6.67697705192
1831,-6.2535700926
1832,-6.08403954253
1833,-6.5539734671
1834,-6.65607358303
1835,-6.62556030139
1836,-6.06655794013
1837,-6.25942495804
1838,-6.68482282147
1839,-6.6676199872
1840,-6.68423013147
1841,-6.57759013444
1842,-6.68387319543
1843,-6.68077080956
1844,-6.68468341703
1845,-6.68262797467
1846,-6.6662183272
1847,-6.63348276012
1848,-6.58746559785
1849,-6.56496412725
1850,-6.68124080555
1851,-6.68331726145
1852,-6.49955645063
1853,-6.68270685246
1854,-6.62618722314
1855,-6.68359732695
1856,-6.64118438983
1857,-6.31266644319
1858,-6.4647808765
1859,-6.64224514388
1860,-6.60927440274
1861,-6.67998576488
1862,-6.68452238324
1863,-6.11222245439
1864,-6.56635171536
1865,-6.61523009148
1866,-6.31466376751
1867,-6.22150318413
1868,-6.66681682482
1869,-6.61419642038
1870,-6.59384368293
1871,-6.68167880259
1872,-6.37844737161
1873,-6.45191395534
1874,-6.68072602104
1875,-6.54739927378
1876,-6.22837478432
1877,-6.57660518165
1878,-6.62438058552
1879,-6.36032852911
1880,-6.64694341763
1881,-6.56479878318
1882,-6.68482219099
1883,-6.29580091992
1884,-6.64899460152
1885,-6.44310980681
1886,-6.47593303636
1887,-6.67984513863
1888,-6.68438579832
1889,-6.63398296663
1890,-6.50792753314
1891,-6.68481094321
1892,-6.6848229133
1893,-6.54854103667
1894,-6.6797542021
1895,-6.45344456995
1896,-5.91446508104
1897,-6.67387062672
1898,-6.68290055507
1899,-6.68452690876
1900,-6.6848229133
1901,-6.6021443037
1902,-6.6572138952
1903,-6.59362018607
1904,-6.6757581813
1905,-6.6738229942
1906,-6.46534435281
1907,-6.36142896553
1908,-6.6672167086
1909,-6.67215595622
1910,-6.67744628845
1911,-6.59245450387
1912,-6.68482229307
1913,-6.68088373964
1914,-6.68449682575
1915,-6.60718856607
1916,-6.66275621483
1917,-6.39678117419
1918,-6.68445909795
1919,-6.68378470513
1920,-6.68482030079
1921,-6.67517973763
1922,-6.57962904448
1923,-6.68459155461
1924,-6.68455677726
1925,-6.44833535154
1926,-6.37681790097
1927,-6.568265398
1928,-6.67988772174
1929,-6.68322008369
1930,-6.68474114025
1931,-6.64153715191
1932,-6.45513870409
1933,-6.53653969098
1934,-6.68411988974
1935,-6.63514329601
1936,-6.68471952345
1937,-6.60869049113
1938,-6.54772207659
1939,-6.62606789966
1940,-6.15002640975
1941,-6.56459518036
1942,-6.67304640603
1943,-6.57782211731
1944,-6.68481954916
1945,-6.68449808482
1946,-6.36995817257
1947,-6.6610212358
1948,-6.59408800296
1949,-6.49113657245
1950,-6.67999237982
1951,-6.60665501013
1952,-6.68022763348
1953,-6.27349049452
1954,-6.47539782327
1955,-6.67031526253
1956,-6.17533979013
1957,-6.68456078724
1958,-6.64471268692
1959,-6.06377661755
1960,-6.14995200328
1961,-6.40281986439
1962,-6.58838090942
1963,-6.66354583377
1964,-6.67884148737
1965,-6.68459904908
1966,-6.65788200718
1967,-6.56586441569
1968,-6.68137433032
1969,-6.60696961753
1970,-6.34226820502
1971,-6.15606989537
1972,-6.68314147719
1973,-6.29427447176
1974,-6.68465487624
1975,-6.627409939
1976,-6.53450804729
1977,-6.58841058879
1978,-6.68452415799
1979,-6.68468611899
1980,-6.68480994255
1981,-6.61832632022
1982,-6.60702957419
1983,-6.34473943146
1984,-6.51236573962
1985,-6.19668372314
1986,-6.59602868225
1987,-6.66713270668
1988,-6.2426784816
1989,-6.65920357415
1990,-6.57293635824
1991,-6.14933586257
1992,-6.68420378668
1993,-6.66092516102
1994,-6.65579844167
1995,-6.60530748842
1996,-6.67284852531
1997,-6.22956058921
1998,-6.65079455627
1999,-6.38573719345
2000,-6.34832286026
2001,-6.57825637953
2002,-6.6848229133
2003,-6.67910422913
2004,-5.93451204708
2005,-6.28792199687
2006,-6.49200386605
2007,-6.59733271316
2008,-6.61799584097
2009,-6.30725765605
2010,-6.61660952923
2011,-6.5582739655
2012,-6.67316979778
2013,-6.67904079139
2014,-6.64943106363
2015,-6.29859190095
2016,-6.44876896831
2017,-6.27039406224
2018,-6.58770731074
2019,-6.64790320167
2020,-6.37115464388
2021,-6.55735453023
2022,-6.62556982686
2023,-6.68294493242
2024,-6.39948062007
2025,-6.68393611397
2026,-6.68464177412
2027,-6.07146646605
2028,-6.66599487818
2029,-6.68481606809
2030,-6.68167792857
2031,-6.47445219027
2032,-6.66502252169
2033,-6.66922782334
2034,-6.59417112583
2035,-6.58861697661
2036,-6.48218627793
2037,-6.6806437663
2038,-6.68016216256
2039,-6.30201264981
2040,-6.31451501782
2041,-6.68477397166
2042,-6.42351963973
2043,-6.68462948372
2044,-6.59303258792
2045,-6.49092795529
2046,-6.55492041767
2047,-6.67100938642
2048,-6.68080019991
2049,-6.68265003146
2050,-6.67609235468
2051,-6.6848229133
2052,-6.62601602841
2053,-6.58901191748
2054,-6.68128083127
2055,-5.8585656052
2056,-6.66991289256
2057,-6.37288159503
2058,-5.77412285261
2059,-6.65457863549
2060,-6.61434563619
2061,-6.1542803547
2062,-6.40318084159
2063,-6.53669517158
2064,-6.66126538141
2065,-6.68482283151
2066,-5.9833103888
2067,-6.68261660146
2068,-6.68306091995
2069,-6.68165883104
2070,-6.51606601146
2071,-6.57923306921
2072,-6.68304555952
2073,-6.3478454914
2074,-6.66413863663
2075,-6.6471796644
2076,-6.68482151235
2077,-6.2063668102
2078,-6.65234085856
2079,-6.67204467197
2080,-6.68213300432
2081,-6.52817297256
2082,-6.40660083496
2083,-6.6848229133
2084,-6.65762333577
2085,-6.29430718956
2086,-6.50560602806
2087,-6.4971639717
2088,-6.64518747653
2089,-6.58669364855
2090,-6.65071458494
2091,-6.64125050347
2092,-6.66264380816
2093,-6.62036590311
2094,-6.60981434967
2095,-6.55279994059
2096,-6.68480070909
2097,-6.58638709689
2098,-6.67676601742
2099,-6.67854471771
2100,-6.67098406151
2101,-6.48922191313
2102,-6.6848229133
2103,-6.67699479012
2104,-6.56452013302
2105,-6.08982137514
2106,-6.50469317325
2107,-6.65818943172
2108,-6.66918355688
2109,-6.62015361744
2110,-6.65707497358
2111,-6.63497096495
2112,-6.64367611256
2113,-6.68346080561
2114,-6.66052852057
2115,-6.67082723198
2116,-6.60336789662
2117,-6.67084480348
2118,-6.27119119863
2119,-6.26724424656
2120,-6.64605252247
2121,-6.66110903372
2122,-6.6848229133
2123,-6.68161428507
2124,-6.68482283986
2125,-6.620301633
2126,-6.62990839436
2127,-6.5183937662
2128,-6.5990555476
2129,-6.49630964849
2130,-6.66699564698
2131,-6.59681936136
2132,-6.56654998857
2133,-6.68436200528
2134,-6.55666255882
2135,-6.65618732187
2136,-6.6844587133
2137,-6.68283872253
2138,-6.68482260325
2139,-6.53710661393
2140,-6.4507183061
2141,-6.67699246278
2142,-6.68478229814
2143,-6.26231051084
2144,-6.66107641825
2145,-6.66849357096
2146,-6.67107775215
2147,-5.93284716532
2148,-6.68443008807
2149,-6.44658100131
2150,-6.56553371166
2151,-6.42485611922
2152,-6.68176621402
2153,-6.66993527729
2154,-6.6844545685
2155,-6.54883391704
2156,-6.56556328491
2157,-6.68273443744
2158,-6.68261978885
2159,-6.65520523973
2160,-6.65146503772
2161,-6.6788171009
2162,-6.65910417585
2163,-6.66608153071
2164,-6.68482267117
2165,-6.42973005285
2166,-6.6847625812
2167,-6.66022404098
2168,-6.63759266532
2169,-6.68041018633
2170,-6.07183430052
2171,-6.65878854157
2172,-6.6634622726
2173,-6.1947715408
2174,-6.57179195969
2175,-6.67943755345
2176,-6.34923524462
2177,-6.67215733521
2178,-6.68459958745
2179,-6.61899312143
2180,-6.66356288852
2181,-6.59028763321
2182,-6.66835225095
2183,-6.6789702387
2184,-6.66314653282
2185,-6.6807529916
2186,-6.57099693121
2187,-6.68060056504
2188,-6.64912343774
2189,-6.53713524369
2190,-6.32180363366
2191,-6.28876340456
2192,-5.97762283294
2193,-6.37302320547
2194,-6.4184051001
2195,-6.67741730984
2196,-6.66417592112
2197,-6.5110394562
2198,-6.68321715997
2199,-6.68332038165
2200,-6.47831530741
2201,-6.58068313381
2202,-6.68480429258
2203,-6.03572570374
2204,-6.67703083908
2205,-6.68295062516
2206,-6.68480942402
2207,-6.53525040289
2208,-6.51969068555
2209,-6.68481776765
2210,-6.61266894312
2211,-6.50123019997
2212,-6.65653984484
2213,-6.3523548259
2214,-6.68360611264
2215,-6.41832815918
2216,-6.3598322443
2217,-6.55601020114
2218,-6.68117502006
2219,-6.62612976442
2220,-6.43214909988
2221,-6.66345206408
2222,-6.44060779948
2223,-6.6842536629
2224,-6.48806787154
2225,-6.14946045092
2226,-6.65772106188
2227,-6.6162155273
2228,-6.68395140578
2229,-6.31428404034
2230,-6.65832518997
2231,-6.684822579
2232,-6.62888562883
2233,-6.61208645092
2234,-6.68374950386
2235,-6.68365319702
2236,-6.57909453987
2237,-6.57106322018
2238,-6.68482117851
2239,-6.68466221713
2240,-6.52947064501
2241,-6.35411537114
2242,-6.68482204999
2243,-6.47746122293
2244,-6.65868212644
2245,-6.68482291325
2246,-6.27560118285
2247,-6.66868404679
2248,-6.66628393595
2249,-6.50943995581
2250,-6.67572157181
2251,-6.6847399651
2252,-6.6848207812
2253,-6.66869769466
2254,-6.68475484606
2255,-6.61162012918
2256,-6.04550574231
2257,-6.68001934605
2258,-6.55191550231
2259,-6.68429862702
2260,-6.63528711294
2261,-6.68465550916
2262,-6.55223027867
2263,-6.65770899269
2264,-6.64580976166
2265,-6.66113774837
2266,-6.68197523723
2267,-6.65293372907
2268,-6.59755650054
2269,-6.32520001028
2270,-6.48985096567
2271,-6.50658685362
2272,-6.68141716678
2273,-6.6752876417
2274,-6.68482235286
2275,-6.39276791371
2276,-6.68362854735
2277,-6.66502951557
2278,-6.22284765862
2279,-6.60757596624
2280,-6.6848229133
2281,-6.13937562824
2282,-6.31038961135
2283,-6.67238852506
2284,-6.12628803786
2285,-6.33029606811
2286,-6.64881755781
2287,-6.62969246945
2288,-6.60152152629
2289,-6.61796134434
2290,-6.56269470452
2291,-6.67797497719
2292,-6.07534110453
2293,-6.68481856467
2294,-6.68132535512
2295,-6.67513957734
2296,-6.61525693589
2297,-6.68456798798
2298,-6.30895074937
2299,-6.67670641009
2300,-6.66466997962
2301,-6.31823786736
2302,-6.68039980654
2303,-6.68463493892
2304,-6.60195526278
2305,-6.68401478868
2306,-6.56651479096
2307,-6.3549351299
2308,-6.53992199074
2309,-6.53516295404
2310,-6.58300535436
2311,-6.52295091141
2312,-6.66765559334
2313,-6.5549533779
2314,-6.48071583557
2315,-6.68411871952
2316,-6.67434662658
2317,-6.30880962221
2318,-6.67274544128
2319,-6.67960752765
2320,-6.57403571613
2321,-6.672513226
2322,-6.34973464382
2323,-6.6731000385
2324,-6.67610917467
2325,-6.68072947484
2326,-6.3904712882
2327,-6.39159531947
2328,-6.68448130526
2329,-6.68472141085
2330,-6.62777097601
2331,-6.67338616055
2332,-6.60152625401
2333,-6.35527856899
2334,-6.67231624752
2335,-6.35234713088
2336,-6.68338085041
2337,-6.63472589337
2338,-6.66688481386
2339,-6.60665337686
2340,-6.5791620441
2341,-6.62042593247
2342,-6.68482291249
2343,-6.5635197668
2344,-6.45743085636
2345,-6.65302810274
2346,-6.6117976096
2347,-6.35824023579
2348,-6.68017667789
2349,-6.18796388917
2350,-6.67998329146
2351,-6.56069797616
2352,-6.67426450537
2353,-6.17611463472
2354,-6.47341648717
2355,-6.61854221943
2356,-6.56333129929
2357,-6.66307021025
2358,-6.6819195377
2359,-6.67514191011
2360,-6.68317968122
2361,-6.65810796224
2362,-6.68459626207
2363,-6.20944026264
2364,-6.23385648194
2365,-6.60988891319
2366,-6.53188950951
2367,-6.54890712192
2368,-6.44328410035
2369,-6.15598896443
2370,-6.67962440009
2371,-6.68450637116
2372,-6.68459231738
2373,-6.6784011904
2374,-6.00035905326
2375,-6.38403145152
2376,-6.6690353088
2377,-6.29586873313
2378,-6.6800421402
2379,-6.6848229133
2380,-6.68426016272
2381,-6.67211481781
2382,-6.6848229133
2383,-6.57561302644
2384,-6.63550552913
2385,-6.66187726926
2386,-6.65068218012
2387,-6.53748195059
2388,-6.59126927795
2389,-6.63512031202
2390,-6.56687037597
2391,-6.55779840403
2392,-6.67137753762
2393,-6.28320074547
2394,-6.0893815263
2395,-6.67647048781
2396,-6.66093666157
2397,-6.57895661354
2398,-6.65348816494
2399,-6.64705815834
2400,-6.67204951821
2401,-6.68447143436
2402,-6.64829027523
2403,-6.54148026406
2404,-6.67740861902
2405,-6.6835673004
2406,-6.58241081057
2407,-6.57667360037
2408,-6.50649141487
2409,-6.68342521305
2410,-6.21191203056
2411,-6.46550026013
2412,-6.6847588929
2413,-6.68482179961
2414,-6.65231667141
2415,-6.68473541933
2416,-6.29197391461
2417,-6.54183442961
2418,-6.61300641555
2419,-6.68460667715
2420,-6.52664618939
2421,-6.47242943758
2422,-6.49600423155
2423,-6.52621962495
2424,-6.61467259231
2425,-6.68482100468
2426,-6.6847435421
2427,-6.66363299511
2428,-6.66925369433
2429,-6.66242961333
2430,-6.62401892093
2431,-6.68479121233
2432,-6.60645616268
2433,-6.54040194864
2434,-6.33739994707
2435,-6.4704106147
2436,-6.68482290007
2437,-6.68468463109
2438,-6.67711220466
2439,-6.58398938751
2440,-6.59074181802
2441,-6.37138810392
2442,-5.96980832624
2443,-6.66742091877
2444,-6.49727873284
2445,-6.36980417872
2446,-6.54475114694
2447,-6.33869044163
2448,-6.38116140354
2449,-6.66818715648
2450,-6.68399271207
2451,-6.62047650753
2452,-6.59817844136
2453,-5.8371704071
2454,-6.54414827845
2455,-6.6694140026
2456,-6.68142540396
2457,-6.68463506589
2458,-6.61317825957
2459,-6.67278839309
2460,-6.43213071964
2461,-6.24781156738
2462,-6.53826000018
2463,-6.393055018
2464,-6.59996674362
2465,-6.38493742243
2466,-6.65360392197
2467,-6.46345425865
2468,-6.26153867485
2469,-6.51085464792
2470,-6.68480178597
2471,-6.65963663373
2472,-6.54193118569
2473,-6.68068336029
2474,-6.6748181281
2475,-6.680965894
2476,-6.6848229133
2477,-6.68482249753
2478,-6.54282589309
2479,-6.32193708525
2480,-6.41282043336
2481,-6.67826864057
2482,-6.68481475768
2483,-6.68384728228
2484,-6.68479307894
2485,-6.68380723774
2486,-6.6768881079
2487,-6.45636720625
2488,-6.60920281418
2489,-6.33353982308
2490,-6.68465656304
2491,-6.46845181392
2492,-6.68360210886
2493,-6.67209685381
2494,-6.57405451638
2495,-6.68218969865
2496,-6.57116801983
2497,-6.68482291087
2498,-6.67492210577
2499,-6.68342570045
2500,-6.31725310984
2501,-6.66111022655
2502,-6.59307517547
2503,-6.66551592938
2504,-6.60926564945
2505,-6.6848229133
2506,-6.44287655666
2507,-6.55919348586
2508,-6.68092612738
2509,-6.64998137055
2510,-6.44369121913
2511,-6.68305392498
2512,-6.68080719456
2513,-6.68412971844
2514,-6.33698815151
2515,-6.66012764438
2516,-6.18670616314
2517,-6.6820965931
2518,-6.57949394946
2519,-6.53263857934
2520,-6.1863221068
2521,-6.68419964534
2522,-6.68297843831
2523,-6.6783115529
2524,-6.20651390638
2525,-6.61788664573
2526,-6.68124692707
2527,-6.57190109238
2528,-6.31725079915
2529,-6.67368445554
2530,-6.39933472231
2531,-6.44170499475
2532,-6.66397949845
2533,-6.68477356121
2534,-6.65676742629
2535,-6.64700520399
2536,-6.66471118272
2537,-6.66324427562
2538,-6.54668450704
2539,-6.64596577696
2540,-6.67344090683
2541,-6.49819819955
2542,-6.66850680361
2543,-6.68473445169
2544,-6.58669319798
2545,-6.65496166843
2546,-6.6070546319
2547,-6.67341948739
2548,-6.66207596384
2549,-6.49252505553
2550,-6.00836425706
2551,-6.67234182274
2552,-6.61772667673
2553,-6.54737091295
2554,-6.60002426392
2555,-6.45104759953
2556,-6.25706466437
2557,-6.68416691928
2558,-6.68256841745
2559,-6.39182201045
2560,-6.68482274678
2561,-6.61186646602
2562,-6.47165575857
2563,-6.6644114265
2564,-6.63408071766
2565,-6.68302236921
2566,-6.68449881457
2567,-6.67082959103
2568,-6.67817545176
2569,-6.55176320015
2570,-6.67522106634
2571,-6.68482227833
2572,-6.56999391569
2573,-6.6381747551
2574,-6.68481696622
2575,-6.10720208907
2576,-6.65620134741
2577,-6.04491570576
2578,-6.42621881995
2579,-6.67861545059
2580,-6.68478763415
2581,-6.64010235066
2582,-6.68243111636
2583,-6.64562236065
2584,-6.62168734232
2585,-6.67681192973
2586,-6.43659339093
2587,-6.58323043301
2588,-6.53480727866
2589,-6.68096191999
2590,-6.65226374584
2591,-6.65325976972
2592,-6.48059927303
2593,-6.54729563865
2594,-6.53474747831
2595,-6.68066931664
2596,-6.537526545
2597,-6.52857897453
2598,-6.65551857997
2599,-6.50530587728
2600,-6.67528837464
2601,-6.58906596523
2602,-6.68424747947
2603,-6.66732062494
2604,-6.25583803322
2605,-6.66081667441
2606,-6.66430091041
2607,-6.67722351655
2608,-6.68338855992
2609,-6.64807562486
2610,-6.44422797815
2611,-6.35826985685
2612,-6.68442809917
2613,-6.67042953789
2614,-6.66748561312
2615,-6.39980596424
2616,-6.61338649355
2617,-6.66549106844
2618,-6.67368191302
2619,-6.68397617737
2620,-6.53604238058
2621,-6.66144319605
2622,-6.64367385058
2623,-6.20499072311
2624,-6.68482242714
2625,-6.68269233843
2626,-6.55979215456
2627,-6.68481994413
2628,-6.5465640873
2629,-6.6199368078
2630,-6.4210302501
2631,-6.63968891834
2632,-6.59085577346
2633,-6.60333929439
2634,-6.29316790149
2635,-6.68480884627
2636,-6.66666110995
2637,-6.64480624016
2638,-6.63809881838
2639,-6.42580271253
2640,-6.68479927099
2641,-6.35906435875
2642,-6.54918273251
2643,-6.67422318856
2644,-6.4106347091
2645,-6.3572847761
2646,-6.41967781577
2647,-6.61769491929
2648,-6.31933439666
2649,-6.6811835761
2650,-6.63229959657
2651,-6.50235561369
2652,-6.61177612603
2653,-6.66216524622
2654,-6.68457049856
2655,-6.34950060351
2656,-6.62948019899
2657,-6.68047360042
2658,-6.67993020343
2659,-6.60928761822
2660,-6.6275490724
2661,-6.65377835209
2662,-6.54595653125
2663,-6.67485370052
2664,-6.41173986237
2665,-6.6848229129
2666,-6.53897668219
2667,-6.38768916268
2668,-6.564002984
2669,-6.45765238957
2670,-6.65197186535
2671,-6.54648445873
2672,-6.54832846907
2673,-6.66974273224
2674,-6.32399461221
2675,-5.71103410541
2676,-6.68330743456
2677,-6.50020500828
2678,-6.68475037932
2679,-6.57789166684
2680,-6.58474232977
2681,-6.67979914177
2682,-6.68374230335
2683,-6.6728462418
2684,-6.63082136291
2685,-6.62387368133
2686,-6.65839969069
2687,-6.67564694121
2688,-6.56804077645
2689,-6.41617581556
2690,-6.17953682223
2691,-6.67262518003
2692,-6.5961092827
2693,-6.67675991188
2694,-6.67725130185
2695,-6.67786748141
2696,-6.68467534677
2697,-6.5510179404
2698,-6.68423311573
2699,-6.49901350496
2700,-6.681851558
2701,-6.64220846547
2702,-6.68313551519
2703,-6.68212249352
2704,-6.58592810002
2705,-6.47929177505
2706,-6.58876600683
2707,-6.64448834346
2708,-6.45434232536
2709,-6.67683190127
2710,-6.68418400911
2711,-6.647034555
2712,-6.50231582967
2713,-6.56459541454
2714,-6.68482116086
2715,-6.62384530754
2716,-6.52353136288
2717,-6.68480055049
2718,-6.67489170898
2719,-6.68481940226
2720,-6.59928056871
2721,-6.33086642326
2722,-6.67321727589
2723,-6.68299112436
2724,-6.68451296183
2725,-6.67728968365
2726,-6.6810860871
2727,-6.66995411103
2728,-6.58871898505
2729,-6.67888374648
2730,-6.67598181521
2731,-6.31336219988
2732,-6.53970705029
2733,-6.68057003283
2734,-6.66819435655
2735,-6.68481950119
2736,-6.67875730228
2737,-6.66701876844
2738,-6.58084258021
2739,-6.67968567185
2740,-6.6222646831
2741,-6.67845650931
2742,-6.62232153642
2743,-6.68389535812
2744,-6.51817691185
2745,-6.62841620987
2746,-6.59044142984
2747,-6.49141958178
2748,-6.68456147892
2749,-6.6807550391
2750,-6.68349588735
2751,-6.61173480273
2752,-6.08590278667
2753,-6.47663762465
2754,-6.68148195731
2755,-6.68382681889
2756,-6.59026484381
2757,-6.18659319155
2758,-6.55890103295
2759,-6.6737803673
2760,-6.5589044531
2761,-6.52669526379
2762,-6.66310317437
2763,-6.58635905728
2764,-6.42058948249
2765,-6.51808617589
2766,-6.64528885417
2767,-6.62322460059
2768,-6.6752013181
2769,-6.67945621042
2770,-6.67546303194
2771,-6.68482268598
2772,-6.55279034843
2773,-6.2915478368
2774,-6.61340788908
2775,-6.57030714538
2776,-6.12940346444
2777,-6.68481779182
2778,-6.6848229133
2779,-6.61076195893
2780,-6.66597647944
2781,-6.37395789503
2782,-6.67416925727
2783,-6.6847414973
2784,-6.63832605884
2785,-6.64448458262
2786,-6.56423787669
2787,-6.68482290117
2788,-6.50283553571
2789,-6.65418567825
2790,-6.52363731031
2791,-6.68431707823
2792,-6.48514532994
2793,-6.54207888765
2794,-6.6728828635
2795,-6.6830631262
2796,-6.35427475996
2797,-6.60217980535
2798,-6.52595990498
2799,-6.55136679837
2800,-6.61418863682
2801,-6.62033802543
2802,-6.67357545438
2803,-5.94799099134
2804,-6.56455321959
2805,-5.92234337417
2806,-6.43213944206
2807,-6.37058925734
2808,-6.68482287191
2809,-6.15990347213
2810,-6.6736108286
2811,-6.68481320249
2812,-6.47418534538
2813,-6.44759708089
2814,-6.68482127034
2815,-6.68258644649
2816,-6.68332879423
2817,-6.4300622491
2818,-6.67497333284
2819,-6.67814679995
2820,-6.63076131902
2821,-6.34146154045
2822,-6.66420010833
2823,-6.68158299217
2824,-6.37103596588
2825,-6.17037847377
2826,-6.41093658876
2827,-6.68389561171
2828,-6.64367091431
2829,-6.48863499416
2830,-6.6830144764
2831,-6.60150110484
2832,-6.46684184276
2833,-6.66870167824
2834,-6.6026552703
2835,-6.32712975653
2836,-6.49777357755
2837,-6.10790265525
2838,-6.57737500051
2839,-6.63654218303
2840,-6.68412937246
2841,-6.18327800427
2842,-6.68118064781
2843,-6.45175615491
2844,-6.4495296613
2845,-6.27862608228
2846,-6.65590392336
2847,-5.94610109812
2848,-6.56998331513
2849,-6.62408035603
2850,-6.66724924941
2851,-6.60160256849
2852,-6.65711588543
2853,-6.48828279834
2854,-6.47789556677
2855,-6.68376361438
2856,-6.56110938477
2857,-6.65455996404
2858,-6.50890724118
2859,-6.49302444471
2860,-6.49882102956
2861,-6.43812320126
2862,-6.6318745374
2863,-6.6848229133
2864,-6.68398153173
2865,-6.37248976033
2866,-6.64519938457
2867,-6.67969463137
2868,-6.29583914991
2869,-6.63075883039
2870,-6.6609542932
2871,-6.46509716389
2872,-6.68436127983
2873,-6.68245143916
2874,-6.31362688458
2875,-6.30380058901
2876,-6.31500875693
2877,-6.67377479115
2878,-6.65373768693
2879,-6.65899588397
2880,-6.50259267269
2881,-6.40691043625
2882,-6.45107416521
2883,-6.67387325079
2884,-6.66658070029
2885,-6.63431004304
2886,-6.67912800701
2887,-6.65948870395
2888,-6.6771304321
2889,-6.64004540008
2890,-6.68332849158
2891,-6.68459674878
2892,-6.40205794845
2893,-6.68284453179
2894,-6.40581837586
2895,-6.67118550365
2896,-6.57824337991
2897,-6.6795869156
2898,-6.55404668456
2899,-6.5708214461
2900,-5.93086879807
2901,-6.67925623904
2902,-6.6829688026
2903,-6.32614712356
2904,-6.44094203077
2905,-6.25771085762
2906,-6.68477560888
2907,-6.40764599297
2908,-6.56854502132
2909,-6.67541631079
2910,-6.50019893013
2911,-6.68102918616
2912,-6.62399345985
2913,-6.65799517119
2914,-6.2123797193
2915,-6.53802803633
2916,-6.67899756758
2917,-6.64118863024
2918,-6.65957296133
2919,-6.68420193007
2920,-6.66818100414
2921,-6.68321419602
2922,-6.63941269554
2923,-6.68419220104
2924,-6.45461525553
2925,-6.68477287016
2926,-6.67513896814
2927,-6.68458314642
2928,-6.67252341528
2929,-6.59339957837
2930,-6.68472239317
2931,-6.51384440457
2932,-6.38887943184
2933,-6.68422103267
2934,-6.54169923222
2935,-6.39621303584
2936,-6.48135727145
2937,-6.60613693892
2938,-6.68465766049
2939,-6.13370722126
2940,-6.683815485
2941,-6.66642420446
2942,-6.65129703979
2943,-6.37928963736
2944,-6.68272695679
2945,-6.68481409011
2946,-6.65930612585
2947,-6.64506800491
2948,-6.37652477165
2949,-6.6633556905
2950,-6.66038114543
2951,-6.54890071489
2952,-6.57196076407
2953,-6.68481947542
2954,-6.68451224505
2955,-6.68482282147
2956,-6.48382149029
2957,-6.68257960141
2958,-6.68462028776
2959,-6.55419198766
2960,-6.51965959415
2961,-6.6829241944
2962,-6.61286160655
2963,-6.26350745247
2964,-6.53999086873
2965,-6.67953276176
2966,-6.64264449966
2967,-6.59217217892
2968,-6.59173340825
2969,-6.63047335123
2970,-6.60668227929
2971,-6.42638954444
2972,-6.62965757445
2973,-6.6744308472
2974,-6.68224065295
2975,-6.67399100878
2976,-6.18660150632
2977,-6.67984474825
2978,-6.66438777671
2979,-6.54577852663
2980,-6.6397598917
2981,-5.89085037775
2982,-6.59346643659
2983,-6.62811412457
2984,-6.66444610998
2985,-6.39541965688
2986,-6.6848229133
2987,-6.66943991433
2988,-6.6729597801
2989,-6.63241649602
2990,-6.65745210943
2991,-6.18323412383
2992,-6.54300345963
2993,-6.67992253946
2994,-6.32922238548
2995,-6.68133497462
2996,-6.68481161223
2997,-6.55481973048
2998,-6.59370921318
2999,-6.3398941516
3000,-6.51672193355
3001,-6.67528877954
3002,-6.49628498272
3003,-6.6848028198
3004,-6.67814532897
3005,-6.58908165276
3006,-6.53722903515
3007,-6.47973877231
3008,-6.62542373961
3009,-6.64808332293
3010,-6.52013773388
3011,-6.68482265358
3012,-6.4751043932
3013,-6.06739296208
3014,-6.68478493406
3015,-6.57969939632
3016,-6.40602183965
3017,-6.67716879089
3018,-6.54350137146
3019,-6.13769441604
3020,-5.93399615362
3021,-6.66539987887
3022,-6.43707288361
3023,-6.58467598533
3024,-6.44639572811
3025,-6.68415383747
3026,-6.46435812382
3027,-6.59028872746
3028,-6.64545916182
3029,-5.96909346049
3030,-6.62478462519
3031,-6.16457810047
3032,-6.35521216249
3033,-6.66431475789
3034,-5.8968213247
3035,-6.68032794904
3036,-6.68468814837
3037,-6.68368798967
3038,-6.6668916011
3039,-6.12205060466
3040,-6.54488888044
3041,-6.64393230083
3042,-6.66109185846
3043,-6.38155274522
3044,-6.57883924139
3045,-6.48171842109
3046,-6.67129398468
3047,-6.59574372014
3048,-6.62080446976
3049,-6.54357151049
3050,-6.63673500773
3051,-6.66962008472
3052,-6.15419186649
3053,-6.68482288024
3054,-6.36553894304
3055,-6.61074060848
3056,-6.6848229133
3057,-6.47307404022
3058,-6.44830590515
3059,-6.48021316118
3060,-6.66145185546
3061,-6.61727556998
3062,-6.18404001427
3063,-6.4514311684
3064,-6.62495682769
3065,-6.37995078804
3066,-6.56887541165
3067,-6.67282365391
3068,-6.65353014538
3069,-6.68390907944
3070,-6.37933664518
3071,-6.62303441096
3072,-6.30778957723
3073,-6.66496519359
3074,-6.0848886657
3075,-6.68094491645
3076,-6.68481320812
3077,-6.67613046965
3078,-6.68422397231
3079,-6.61565591548
3080,-6.68481780029
3081,-6.63744992614
3082,-6.66868291435
3083,-6.6848228828
3084,-6.49376822839
3085,-6.20019118785
3086,-6.68476432373
3087,-6.66289839651
3088,-6.43749580661
3089,-6.55191609609
3090,-6.65569614146
3091,-6.68431104895
3092,-6.68060627585
3093,-6.58211213026
3094,-6.57476346138
3095,-6.64055936484
3096,-6.11988730051
3097,-6.6401907333
3098,-6.6795775464
3099,-6.68090584022
3100,-6.6844334171
3101,-6.51449820259
3102,-6.54261098993
3103,-6.45276659045
3104,-6.6836813111
3105,-6.68482225936
3106,-6.684818816
3107,-6.6817703683
3108,-6.18157292651
3109,-6.68108720444
3110,-6.52109811913
3111,-6.64154522696
3112,-6.43457762833
3113,-6.68480759999
3114,-6.68329635784
3115,-6.44976368461
3116,-6.6405604014
3117,-6.66987986951
3118,-6.40054988554
3119,-6.68472646749
3120,-6.15245019474
3121,-6.37961361074
3122,-6.46796901635
3123,-6.56446725429
3124,-6.60056836375
3125,-6.61408482869
3126,-6.63535388482
3127,-6.6602900565
3128,-6.67153062041
3129,-6.67135280761
3130,-6.68026449379
3131,-6.14733678029
3132,-6.68065107026
3133,-6.68342119327
3134,-6.39914401605
3135,-6.67588807262
3136,-5.91967383893
3137,-6.63147932381
3138,-6.68386090007
3139,-6.68279847219
3140,-6.36606061217
3141,-6.42689389245
3142,-6.67143775003
3143,-6.67528695884
3144,-6.37259008306
3145,-6.43809271051
3146,-6.65047516441
3147,-6.57103203062
3148,-6.62572429152
3149,-6.42614444528
3150,-6.24343359825
3151,-6.63725084471
3152,-6.0665112276
3153,-6.6791479001
3154,-6.65622242743
3155,-6.34996123497
3156,-6.67826919636
3157,-6.67341284467
3158,-6.68478342916
3159,-6.63274269335
3160,-6.6202398268
3161,-6.25507541497
3162,-6.58719287649
3163,-6.08821240608
3164,-6.67860026419
3165,-6.68424442448
3166,-6.55826834382
3167,-6.60842121005
3168,-6.58946426037
3169,-6.0217656016
3170,-6.68481404477
3171,-6.68482288539
3172,-6.6432221392
3173,-6.65923077547
3174,-6.68239875731
3175,-6.5302477025
3176,-6.4145343178
3177,-6.3818349424
3178,-6.67398065128
3179,-6.58869101864
3180,-6.6848229133
3181,-6.68443632553
3182,-6.68482286563
3183,-6.05441034237
3184,-6.68170702609
3185,-5.95189803505
3186,-6.67618964886
3187,-6.54703581031
3188,-6.56298301845
3189,-6.42541094068
3190,-6.68381376049
3191,-6.6826279321
3192,-6.65070905825
3193,-6.67053800596
3194,-6.26303850215
3195,-6.6848229133
3196,-6.67145677918
3197,-6.66273342085
3198,-6.39346493249
3199,-6.57296782501
3200,-6.37652803308
3201,-6.68304690617
3202,-6.44141249211
3203,-6.68233998498
3204,-6.67813834154
3205,-6.18016267956
3206,-6.28300177265
3207,-6.6809017273
3208,-6.68482059757
3209,-6.68461161305
3210,-6.68160313335
3211,-6.55344433931
3212,-6.44895481836
3213,-6.45388343404
3214,-6.60383125359
3215,-6.6848168411
3216,-6.67911231995
3217,-6.43024119338
3218,-6.65816466237
3219,-6.59053717414
3220,-6.51251864135
3221,-6.6846910595
3222,-6.64819994628
3223,-6.68479872752
3224,-6.31314541056
3225,-6.15749478379
3226,-6.49580251413
3227,-6.68476696511
3228,-6.588539692
3229,-6.66977798563
3230,-6.40261581452
3231,-6.66232201998
3232,-6.62605301862
3233,-6.67012255108
3234,-6.66166576937
3235,-6.54854293765
3236,-6.6070677564
3237,-6.68450444459
3238,-6.60310500213
3239,-6.56298140006
3240,-6.51252168999
3241,-5.92350415155
3242,-6.49417036272
3243,-5.98698711005
3244,-6.68475767236
3245,-6.66033910585
3246,-6.48956823722
3247,-6.39447259668
3248,-6.6786275841
3249,-6.49877007013
3250,-6.01792542191
3251,-6.6848229133
3252,-6.6823560137
3253,-5.96848664589
3254,-6.61169707474
3255,-6.57925768442
3256,-6.68442955818
3257,-6.64755546663
3258,-6.63225786494
3259,-6.5035588121
3260,-6.68440673499
3261,-6.48663849613
3262,-6.63911508132
3263,-6.62710467412
3264,-6.60336220395
3265,-6.40987841615
3266,-6.68469664177
3267,-6.68479525095
3268,-6.66644275938
3269,-6.54173133255
3270,-6.68284128116
3271,-6.57758944746
3272,-6.50626806546
3273,-6.6835527331
3274,-6.68212398317
3275,-6.63050812605
3276,-6.68365896259
3277,-6.68063645035
3278,-6.56691120958
3279,-6.61792888609
3280,-6.52513839921
3281,-6.28887695756
3282,-6.68482291329
3283,-6.67598144461
3284,-6.63678970047
3285,-6.62111440327
3286,-6.68381851663
3287,-6.29687740072
3288,-6.67749582449
3289,-6.67400138703
3290,-6.29410340548
3291,-6.49422879607
3292,-6.68209441728
3293,-6.60232625514
3294,-6.68203065502
3295,-6.64634060816
3296,-6.68385166648
3297,-6.66302779392
3298,-6.68482291299
3299,-6.53425770759
3300,-6.57033909397
3301,-6.67071231745
3302,-6.67883627045
3303,-6.67185090322
3304,-6.66983559471
3305,-6.3061793468
3306,-6.64170125376
3307,-6.52838741769
3308,-6.43172344478
3309,-6.68439398402
3310,-6.68263150999
3311,-6.55658930872
3312,-6.39907608487
3313,-6.63177423175
3314,-6.66032412162
3315,-6.68440832267
3316,-6.66668279276
3317,-6.46870203981
3318,-6.51695640918
3319,-6.6833040746
3320,-6.6848229133
3321,-6.63737405246
3322,-6.67881088421
3323,-6.6366639379
3324,-6.41485499182
3325,-6.55046430867
3326,-6.59286595474
3327,-6.6652376638
3328,-6.57605221812
3329,-6.68400933826
3330,-6.60273482735
3331,-6.66316002327
3332,-6.47739931555
3333,-6.51944358063
3334,-6.48529503124
3335,-6.68478003532
3336,-6.01119587534
3337,-6.53929491381
3338,-6.11568086232
3339,-6.5187656382
3340,-6.63859368224
3341,-6.67184121592
3342,-6.67300596874
3343,-6.64546335904
3344,-6.60330515151
3345,-6.67048453636
3346,-6.15687180833
3347,-6.50786499164
3348,-6.095193614
3349,-6.6848229132
3350,-6.66656225671
3351,-6.54418009226
3352,-6.45041801691
3353,-6.61036675755
3354,-6.64642179801
3355,-6.5856419366
3356,-6.6848229133
3357,-6.20843347568
3358,-6.62731061459
3359,-6.62036349446
3360,-6.6408499413
3361,-6.68440786999
3362,-6.23625618031
3363,-6.6848229133
3364,-6.57709177353
3365,-6.64830310169
3366,-6.3967585945
3367,-6.68243234783
3368,-5.93739834333
3369,-6.66390279379
3370,-6.6827750035
3371,-6.67074875118
3372,-6.31289487992
3373,-6.68120997251
3374,-6.51721652417
3375,-6.68390078715
3376,-6.52744972303
3377,-6.54227290035
3378,-6.6848229133
3379,-6.66076921346
3380,-6.17318357086
3381,-6.43889923256
3382,-6.6848229133
3383,-6.34693848142
3384,-6.63687669737
3385,-6.43030122811
3386,-6.68481839345
3387,-6.51976965653
3388,-6.68482291299
3389,-6.68348913586
3390,-6.66440906898
3391,-6.68385568704
3392,-6.68421621035
3393,-6.60645902422
3394,-6.61325079336
3395,-6.68476301692
3396,-6.41397449991
3397,-6.65977229913
3398,-6.68409377888
3399,-6.68482291329
3400,-6.62514772444
3401,-6.68463387951
3402,-6.53440219945
3403,-6.40285666173
3404,-6.6232975073
3405,-6.57388446736
3406,-6.67158610961
3407,-6.68480879088
3408,-6.6562878677
3409,-6.68452670223
3410,-6.62529873431
3411,-6.28851254977
3412,-6.6750786603
3413,-5.96129483054
3414,-6.65240110227
3415,-6.6816403379
3416,-6.47065020199
3417,-6.66389718484
3418,-6.63902074093
3419,-5.92021179329
3420,-6.48389155347
3421,-6.68125484256
3422,-6.67680017364
3423,-6.66885567784
3424,-6.68482170984
3425,-6.60837077803
3426,-6.33278436808
3427,-6.6371482385
3428,-6.64807214102
3429,-6.6848229133
3430,-6.67018763979
3431,-6.64347366187
3432,-6.66891736138
3433,-6.51828052942
3434,-6.67791671095
3435,-6.48568088606
3436,-6.63395172692
3437,-6.68084041114
3438,-6.65930153708
3439,-6.57559089647
3440,-6.67235360352
3441,-6.66724041707
3442,-6.61468920744
3443,-6.62397353804
3444,-6.67586417928
3445,-6.68352446878
3446,-6.45829481393
3447,-6.68038342957
3448,-6.50127747674
3449,-6.68274140922
3450,-6.66512807647
3451,-6.66143751896
3452,-6.64924500493
3453,-6.67177684681
3454,-6.66762425855
3455,-6.65264544768
3456,-6.65122885722
3457,-6.66947138426
3458,-6.48437694073
3459,-6.25935797308
3460,-6.68093612824
3461,-6.41431638476
3462,-6.68033256157
3463,-6.05846926755
3464,-6.62780736318
3465,-6.46204521027
3466,-6.58008814366
3467,-6.57033325443
3468,-6.68414665133
3469,-6.67901847881
3470,-6.68178794797
3471,-6.52891148807
3472,-5.98193797576
3473,-6.67227043528
3474,-6.6774878467
3475,-6.64694335889
3476,-6.5700121489
3477,-6.68481819912
3478,-6.6353301037
3479,-6.53374469838
3480,-6.61621740819
3481,-6.5464780348
3482,-6.68408094229
3483,-6.68481827204
3484,-6.67173265889
3485,-6.68364663749
3486,-6.60762085096
3487,-6.49139696202
3488,-6.67834030714
3489,-6.66137095505
3490,-6.66312868594
3491,-6.37827457539
3492,-6.2275320993
3493,-6.0988743323
3494,-6.29565121683
3495,-6.5894503128
3496,-6.68467927922
3497,-6.61015038335
3498,-5.73786884703
3499,-6.67758756783
3500,-6.6847012807
3501,-6.68482118018
3502,-6.59510439566
3503,-6.68480594487
3504,-6.66419090806
3505,-6.5588522839
3506,-6.67947860704
3507,-6.68482240551
3508,-6.68260121051
3509,-6.68482291315
3510,-6.6841336311
3511,-6.58517361989
3512,-6.68477933026
3513,-6.68478027643
3514,-6.6848229133
3515,-6.67103930295
3516,-6.6350628399
3517,-6.64555351927
3518,-6.62101203456
3519,-6.63653281778
3520,-6.34164636294
3521,-6.64539841962
3522,-6.6213827939
3523,-6.68248231877
3524,-6.68478833667
3525,-6.68482291155
3526,-6.66819378769
3527,-6.68079199857
3528,-6.56674990189
3529,-6.66460481782
3530,-6.62651255141
3531,-6.49484746385
3532,-6.68370754541
3533,-6.68430503213
3534,-6.47467680176
3535,-6.68461755935
3536,-6.46179091426
3537,-6.63300112965
3538,-6.5693729882
3539,-6.6628567229
3540,-6.62255238406
3541,-6.66383445851
3542,-6.6848229133
3543,-6.6614997027
3544,-6.10438058371
3545,-6.6210798811
3546,-6.6349491728
3547,-6.68047550172
3548,-6.57038683456
3549,-6.66852427905
3550,-6.6833580097
3551,-6.6663832831
3552,-6.68482281318
3553,-6.65961588126
3554,-6.32516425906
3555,-6.51960774138
3556,-6.68243264587
3557,-6.68281706137
3558,-6.67735849624
3559,-6.68468197887
3560,-6.66045980248
3561,-6.68482267667
3562,-6.56676214194
3563,-6.67853080025
3564,-6.68442991064
3565,-6.66180022953
3566,-6.68268817036
3567,-6.68482212459
3568,-6.52611566404
3569,-6.68478376387
3570,-6.50719602911
3571,-6.5349521825
3572,-6.62572637096
3573,-6.68407847732
3574,-6.62100484085
3575,-6.46223228686
3576,-6.68455329384
3577,-5.94718013866
3578,-6.68481999131
3579,-6.68479770267
3580,-6.65995727518
3581,-6.62289495462
3582,-6.68480383909
3583,-6.59867395995
3584,-6.18615493772
3585,-6.67178968062
3586,-6.01354623658
3587,-6.40460646163
3588,-6.6602257629
3589,-6.6369198448
3590,-6.52639895125
3591,-6.37355643904
3592,-6.67448981498
3593,-6.6423854963
3594,-6.68482291186
3595,-6.63521185882
3596,-6.66816213149
3597,-6.58087213962
3598,-6.6721906155
3599,-6.68347214465
3600,-6.68153023435
3601,-6.5284921146
3602,-6.62128575058
3603,-6.62643325579
3604,-6.61899134979
3605,-6.55708658379
3606,-6.5874983273
3607,-6.6535793313
3608,-6.00951877925
3609,-6.38151370209
3610,-6.43084420303
3611,-6.6802328463
3612,-6.67919839985
3613,-6.5959150043
3614,-6.67726792585
3615,-6.57060134576
3616,-6.66587013563
3617,-6.16659064847
3618,-6.68212552968
3619,-6.59837468849
3620,-6.68166113903
3621,-6.49657508371
3622,-6.66441821166
3623,-6.60949485694
3624,-6.48671977499
3625,-6.60519025625
3626,-6.68476784572
3627,-6.65747123116
3628,-6.3238361713
3629,-6.68350500755
3630,-6.61499769748
3631,-6.43630964197
3632,-6.68372430574
3633,-6.20545814026
3634,-6.63707390353
3635,-6.63420825824
3636,-6.60279060656
3637,-6.36088802787
3638,-6.65074958324
3639,-6.67687689435
3640,-6.68478557748
3641,-6.58553112787
3642,-6.68481502323
3643,-6.62843567377
3644,-6.32635331807
3645,-6.65302014464
3646,-6.68268116624
3647,-6.67932824712
3648,-6.42259564672
3649,-6.55874064052
3650,-6.68482268195
3651,-6.6846524432
3652,-6.39847535375
3653,-6.67888315749
3654,-6.6354647331
3655,-6.68445003756
3656,-6.67947037697
3657,-6.6095400904
3658,-6.64432160621
3659,-6.62563682983
3660,-6.65830954854
3661,-6.68054831095
3662,-6.58622974711
3663,-6.52534236172
3664,-6.68482239623
3665,-6.68482159538
3666,-6.64389595803
3667,-6.64922100626
3668,-6.68127266514
3669,-6.22058989422
3670,-6.67478840934
3671,-6.61524102111
3672,-6.4941680177
3673,-6.67648179674
3674,-6.55102336892
3675,-6.67040458496
3676,-6.65954343608
3677,-6.65175960183
3678,-6.68426464051
3679,-6.47245366195
3680,-6.60798093559
3681,-6.67028751059
3682,-6.68476835507
3683,-6.68332145944
3684,-6.45229863618
3685,-6.65327282378
3686,-6.43351873446
3687,-6.68232907804
3688,-6.67284872838
3689,-6.65344872369
3690,-6.68378335483
3691,-6.68069462963
3692,-6.67846452656
3693,-6.67670932981
3694,-6.65851393342
3695,-6.51914952442
3696,-6.16642739392
3697,-6.16059863896
3698,-6.68476612443
3699,-6.68467294547
3700,-6.66548082465
3701,-5.99251104778
3702,-6.66917876383
3703,-6.66256917462
3704,-6.68479475021
3705,-6.67854194084
3706,-6.53776247982
3707,-6.67520901585
3708,-6.68442209584
3709,-6.67888328142
3710,-6.65443096362
3711,-6.64378680224
3712,-6.35556087796
3713,-6.68470853826
3714,-6.24756241071
3715,-6.66038115535
3716,-6.31823088009
3717,-6.27132998722
3718,-6.68154483662
3719,-6.3262901307
3720,-6.3233099492
3721,-6.67097920937
3722,-6.63889001123
3723,-6.49835925363
3724,-6.54427398281
3725,-6.22347239684
3726,-6.68438195061
3727,-6.18248432318
3728,-6.58345616288
3729,-6.67042506316
3730,-6.67540466373
3731,-6.66508431642
3732,-6.62213197646
3733,-6.67321597756
3734,-6.67170434594
3735,-6.66498629205
3736,-6.06189803722
3737,-6.65320858346
3738,-6.65957733469
3739,-6.61336930176
3740,-6.68481894735
3741,-6.68364490494
3742,-6.48900128608
3743,-6.64888998288
3744,-6.6756757792
3745,-6.6804406949
3746,-6.39194336193
3747,-6.68178870242
3748,-6.52174844852
3749,-6.67790196443
3750,-6.68159979264
3751,-6.42697932947
3752,-6.6845388823
3753,-6.55713522673
3754,-6.16985133603
3755,-6.67197909752
3756,-6.54110429998
3757,-6.66969468279
3758,-6.67931679412
3759,-6.68042654187
3760,-6.67749886083
3761,-6.14059109007
3762,-6.66586777149
3763,-6.6642629314
3764,-6.53242927242
3765,-6.57929423668
3766,-6.24984065322
3767,-6.68427189774
3768,-6.59610025867
3769,-6.67914910156
3770,-6.48267929618
3771,-6.54813132494
3772,-6.47588581094
3773,-6.62669207368
3774,-6.65549228185
3775,-6.67995273298
3776,-6.60383127204
3777,-6.67065102894
3778,-6.66412697803
3779,-6.34274351128
3780,-6.59454390355
3781,-6.6848229133
3782,-6.6832747471
3783,-6.64440019226
3784,-6.67797625382
3785,-6.52131592373
3786,-6.50352399054
3787,-6.68480421535
3788,-6.62284105522
3789,-6.49773090156
3790,-6.66304384668
3791,-6.26500825442
3792,-6.60566369328
3793,-6.68453215802
3794,-6.54829683101
3795,-6.5594651901
3796,-6.67820201959
3797,-6.64659899995
3798,-6.68128678176
3799,-6.68368596305
3800,-6.6840148938
3801,-6.64749001273
3802,-6.68364054804
3803,-6.62396387641
3804,-6.67303972916
3805,-6.59543509522
3806,-6.1846570005
3807,-6.61807441572
3808,-6.6044862141
3809,-6.68479607148
3810,-6.68401338954
3811,-6.68481484678
3812,-6.67596849063
3813,-6.65320357033
3814,-6.6274112314
3815,-6.63707622337
3816,-6.58118962955
3817,-6.57762557173
3818,-6.63279192067
3819,-6.68370496173
3820,-6.67108876135
3821,-6.54110262164
3822,-6.68103806532
3823,-6.68442433353
3824,-6.38895865061
3825,-6.63215876734
3826,-6.34197156835
3827,-6.5196183825
3828,-6.6735545028
3829,-6.4066284206
3830,-6.53870534699
3831,-6.20830243837
3832,-6.68458121531
3833,-6.58933412378
3834,-6.62329727463
3835,-6.6583531442
3836,-6.61369348713
3837,-6.68113813753
3838,-6.68435823504
3839,-6.67434815533
3840,-6.62363499318
3841,-6.6844470996
3842,-6.67749265664
3843,-6.29438517781
3844,-6.52161843729
3845,-6.59927328866
3846,-6.66709818136
3847,-6.68482204404
3848,-6.59579711277
3849,-6.48809502265
3850,-6.68482291233
3851,-6.62782331455
3852,-6.67550581808
3853,-6.68481009944
3854,-6.50999156305
3855,-6.184491732
3856,-6.68087252166
3857,-6.43132601293
3858,-6.47100819766
3859,-6.65952263215
3860,-6.65889551144
3861,-6.47762635954
3862,-6.61002473797
3863,-6.54599295756
3864,-6.17325197221
3865,-6.68306185825
3866,-6.50087457345
3867,-6.67910496498
3868,-6.51644262658
3869,-6.68096042793
3870,-6.57877187704
3871,-6.64123303212
3872,-6.68482290825
3873,-6.66732592576
3874,-6.64611190587
3875,-6.62963277696
3876,-6.44178982307
3877,-6.68273153116
3878,-6.05294365894
3879,-6.22697438435
3880,-6.67552998342
3881,-6.67589271986
3882,-6.68355604367
3883,-6.67712643733
3884,-6.68480148788
3885,-6.68051939717
3886,-6.64927621919
3887,-6.65716003314
3888,-6.64071882948
3889,-6.5990221858
3890,-6.18774072037
3891,-6.68482180744
3892,-6.67821430468
3893,-6.47620032584
3894,-6.65230078005
3895,-6.68372898317
3896,-6.46614667838
3897,-6.3629598579
3898,-6.6843770039
3899,-6.6843948151
3900,-6.658286325
3901,-6.68107952223
3902,-6.46124716959
3903,-6.49839560163
3904,-6.49407255253
3905,-6.68403602923
3906,-6.5782386545
3907,-6.60196712784
3908,-6.61300497406
3909,-6.54754791612
3910,-6.68177159057
3911,-6.6806105729
3912,-6.63202621777
3913,-6.40772135839
3914,-6.65569181479
3915,-6.6496940644
3916,-6.3594936068
3917,-6.58896739162
3918,-6.61139933744
3919,-6.6792419799
3920,-6.65332647933
3921,-6.44507844237
3922,-6.50724218622
3923,-6.53833956181
3924,-6.08304104436
3925,-6.67782892626
3926,-6.14588454994
3927,-6.67438146445
3928,-6.10574392251
3929,-6.66623670514
3930,-6.67963960554
3931,-6.6848229133
3932,-6.67695726914
3933,-6.52366745677
3934,-6.61884398021
3935,-6.64722762692
3936,-6.48005223201
3937,-6.22115947872
3938,-6.6645874404
3939,-6.61095120672
3940,-6.46957213388
3941,-6.6750234415
3942,-6.03455606308
3943,-6.67848360311
3944,-6.62407863845
3945,-6.32535212507
3946,-6.68482289858
3947,-6.30827524439
3948,-6.67310169921
3949,-6.61964611997
3950,-6.67850936189
3951,-6.65956143666
3952,-6.00916217214
3953,-6.66050307182
3954,-6.56813923838
3955,-6.6845821633
3956,-6.68475778689
3957,-6.51477479777
3958,-6.67172447377
3959,-6.6834575734
3960,-6.64446821563
3961,-6.53951865628
3962,-6.66539096688
3963,-6.65597519561
3964,-6.62112499154
3965,-6.66549560127
3966,-6.67425808933
3967,-6.6678102948
3968,-6.58050845873
3969,-6.4066956008
3970,-6.39594930683
3971,-6.65909256519
3972,-6.19598801991
3973,-6.53328981412
3974,-6.61311643409
3975,-6.68258865293
3976,-6.57929012184
3977,-6.37326610766
3978,-6.34181852768
3979,-6.17693948927
3980,-6.53337399861
3981,-6.46155688125
3982,-6.65348183983
3983,-6.65200526494
3984,-6.67740694105
3985,-6.61935294895
3986,-6.55016101771
3987,-6.61683022737
3988,-6.67314917967
3989,-6.68370370275
3990,-6.47079706198
3991,-6.46174615265
3992,-6.68426872457
3993,-6.44176298996
3994,-6.68467407249
3995,-6.60223606436
3996,-6.54328118384
3997,-6.6807467361
3998,-6.37068713981
3999,-6.57112133295
4000,-6.35976549296
4001,-6.68380193583
4002,-6.66933566881
4003,-6.46121628427
4004,-6.34669579506
4005,-6.45280721659
4006,-6.56863494298
4007,-6.6848229133
4008,-6.45883324933
4009,-6.46287968323
4010,-6.50499599352
4011,-6.67390566581
4012,-6.63456999413
4013,-6.68420131981
4014,-6.68406418869
4015,-6.4660533935
4016,-6.62468403137
4017,-6.64786704562
4018,-6.41578332523
4019,-6.68444567461
4020,-6.67889594591
4021,-6.62834660961
4022,-6.6439436552
4023,-6.6822186848
4024,-6.23948446836
4025,-6.65167239938
4026,-6.65187287055
4027,-6.60523105796
4028,-6.68482287134
4029,-6.56368176981
4030,-6.63493740121
4031,-6.47329970506
4032,-6.59773433862
4033,-6.29152841538
4034,-6.64784561483
4035,-6.63556794791
4036,-6.62415624316
4037,-6.68482168
4038,-6.68121632351
4039,-6.58512487994
4040,-6.6845202146
4041,-6.49860060249
4042,-6.56577897711
4043,-6.62238595818
4044,-6.6848229133
4045,-6.34928179684
4046,-6.67784104618
4047,-6.26251255261
4048,-6.62446171712
4049,-6.29474669503
4050,-6.49449327839
4051,-6.1101758023
4052,-6.68263176448
4053,-6.67850995955
4054,-6.60290451901
4055,-6.67760537007
4056,-6.54695385504
4057,-6.46672570268
4058,-6.65589402204
4059,-6.66127118993
4060,-6.54332923048
4061,-6.02744553161
4062,-6.62213709283
4063,-6.62315317334
4064,-6.58152305292
4065,-6.5368962227
4066,-6.6291090427
4067,-6.62721644872
4068,-6.68267868978
4069,-6.01963383212
4070,-6.34209193402
4071,-6.68478547887
4072,-6.68482180314
4073,-6.36980618795
4074,-6.6848193325
4075,-6.68406347346
4076,-6.31368875254
4077,-6.68239643639
4078,-6.68228748141
4079,-6.51924984415
4080,-6.68388370017
4081,-6.56317498432
4082,-6.56116270708
4083,-6.56506076498
4084,-6.68163622757
4085,-5.8170672097
4086,-6.5716279271
4087,-6.68295074821
4088,-6.61451652386
4089,-6.68144868209
4090,-6.50591748606
4091,-6.68210426951
4092,-6.68433934341
4093,-6.25256814265
4094,-6.6848229133
4095,-6.67544884657
4096,-6.68257742716
4097,-6.67899920934
4098,-6.68482263933
4099,-6.42905930308
4100,-6.44932493898
4101,-6.65936132018
4102,-6.37731137645
4103,-6.68352007697
4104,-6.18372064683
4105,-6.61842730777
4106,-6.68455765921
4107,-6.66339211105
4108,-6.65880362383
4109,-6.63175295345
4110,-6.35455881556
4111,-6.47802989156
4112,-6.48250968377
4113,-6.54685497128
4114,-6.66868584042
4115,-6.48849238151
4116,-6.68480062149
4117,-6.67328369393
4118,-6.63767439586
4119,-6.21133207357
4120,-6.42639321522
4121,-6.34459716698
4122,-6.61799469329
4123,-6.66434795358
4124,-6.62952810621
4125,-6.66704956777
4126,-6.40802813561
4127,-6.6472513397
4128,-6.67430757909
4129,-6.6716744895
4130,-6.60855978267
4131,-6.68482291302
4132,-6.68478583798
4133,-6.32627662612
4134,-6.40417401831
4135,-6.29355357097
4136,-6.67109307137
4137,-6.6848144505
4138,-6.68472988298
4139,-6.25140964949
4140,-6.67864281231
4141,-6.6791787743
4142,-6.64535817618
4143,-6.52960345519
4144,-6.6848229133
4145,-6.65259329459
4146,-6.1278939409
4147,-6.67082715256
4148,-6.22334076914
4149,-6.67723906923
4150,-6.68468326209
4151,-6.68313859569
4152,-6.66724847665
4153,-6.6824471537
4154,-6.59396041781
4155,-6.40444236366
4156,-6.67555860082
4157,-6.6848229133
4158,-6.52073807851
4159,-6.57963198415
4160,-6.65044368201
4161,-6.64611526919
4162,-6.6848229133
4163,-6.68163238881
4164,-6.65707495462
4165,-6.6848229131
4166,-6.67886542143
4167,-6.3715255182
4168,-6.67740226471
4169,-6.50837836349
4170,-6.66125400418
4171,-6.67164526015
4172,-6.60016688918
4173,-6.42942546594
4174,-6.3562622992
4175,-6.49637183284
4176,-6.66739018941
4177,-6.67880294011
4178,-6.68480993819
4179,-6.59175078536
4180,-6.68481922863
4181,-6.54320993343
4182,-6.6833335505
4183,-6.43969095941
4184,-6.37055701363
4185,-6.63078032341
4186,-6.57790914451
4187,-6.68415237322
4188,-6.61184766008
4189,-6.58264979644
4190,-6.68148854296
4191,-6.62475525947
4192,-6.68302468673
4193,-6.48765498648
4194,-6.43079469224
4195,-6.67614856506
4196,-6.35275746818
4197,-6.68052646828
4198,-6.68482245171
4199,-6.06792381028
4200,-6.61168805153
4201,-6.5460827946
4202,-6.67847672679
4203,-6.23351062999
4204,-6.68399292719
4205,-6.67101135355
4206,-6.6426000981
4207,-6.47289069433
4208,-6.34193594889
4209,-6.68481092652
4210,-6.5412014649
4211,-6.41379442378
4212,-6.61012007235
4213,-6.25208029381
4214,-6.30103512495
4215,-6.67833300723
4216,-6.48889777558
4217,-6.64971560332
4218,-6.6247702832
4219,-6.65840180178
4220,-6.59612466467
4221,-6.28986312865
4222,-6.60776367963
4223,-6.60327633473
4224,-6.68274100676
4225,-6.56859189211
4226,-6.22234647605
4227,-6.64264384962
4228,-6.40427129321
4229,-6.67102211023
4230,-6.50309370726
4231,-6.62598261859
4232,-6.43078375562
4233,-6.54328269934
4234,-6.41775090677
4235,-6.52016190886
4236,-6.50220948749
4237,-6.60686290839
4238,-6.65127379039
4239,-6.48032486687
4240,-6.67844027472
4241,-6.6695419532
4242,-6.68088393338
4243,-6.68479615856
4244,-6.51127851451
4245,-6.30510723393
4246,-6.65178565143
4247,-6.67775047057
4248,-6.68481453065
4249,-6.65986609492
4250,-6.45020151572
4251,-6.68378153566
4252,-6.68342435876
4253,-6.57868083562
4254,-6.68147788227
4255,-6.6295307444
4256,-6.66721153054
4257,-6.63375893445
4258,-6.68482288671
4259,-6.54572753026
4260,-6.38765762007
4261,-6.38646753626
4262,-6.50335151705
4263,-6.42702904176
4264,-6.21821450142
4265,-6.64842999879
4266,-6.41126341585
4267,-6.41431895874
4268,-6.68481784273
4269,-6.68453397195
4270,-6.68362654039
4271,-6.54969730974
4272,-6.54366237325
4273,-6.68211640399
4274,-6.67515313761
4275,-6.6764858941
4276,-6.6762780747
4277,-6.63321510184
4278,-6.59820343015
4279,-6.6847169804
4280,-6.68482289561
4281,-6.63480257029
4282,-6.60187570555
4283,-6.65598178756
4284,-6.64004025833
4285,-6.66262107943
4286,-6.53829811022
4287,-6.63277034309
4288,-6.67717055769
4289,-6.66576959404
4290,-6.67827101039
4291,-6.54637920263
4292,-6.63851279544
4293,-6.65006932829
4294,-6.68039488291
4295,-6.68482290246
4296,-6.67809404425
4297,-6.40344210196
4298,-5.71831618598
4299,-6.6692967915
4300,-6.68457286852
4301,-6.53642841219
4302,-6.66655940972
4303,-6.68381838848
4304,-6.59862604602
4305,-6.52341399144
4306,-6.56708134296
4307,-6.39233423873
4308,-6.33321438658
4309,-6.68482071977
4310,-6.68375130225
4311,-6.58156349154
4312,-6.36434080796
4313,-6.68478991195
4314,-6.68448743777
4315,-6.68399944357
4316,-6.68482120572
4317,-6.28857677262
4318,-6.62652172868
4319,-6.29030712767
4320,-6.68478015477
4321,-6.65562138906
4322,-6.60045842435
4323,-6.64407093655
4324,-6.40152556584
4325,-6.6844652927
4326,-6.50445316348
4327,-6.53314838136
4328,-6.67950895932
4329,-6.55539013125
4330,-6.68056592156
4331,-5.85589716801
4332,-6.55279134958
4333,-6.684822881
4334,-6.39106555041
4335,-6.46205759438
4336,-6.66930881788
4337,-6.66667513237
4338,-6.6471888303
4339,-6.57853712007
4340,-6.68477070045
4341,-6.68482287446
4342,-6.587965643
4343,-6.52413302395
4344,-6.68438870643
4345,-6.4673800333
4346,-6.68251619802
4347,-6.65841036495
4348,-6.68452311878
4349,-6.6778028513
4350,-6.54103217432
4351,-6.21839765273
4352,-6.62484833618
4353,-6.68481717107
4354,-6.68242327122
4355,-6.54159198855
4356,-6.30784377035
4357,-6.14876409254
4358,-6.52846442699
4359,-6.60730353127
4360,-6.57728723468
4361,-6.00435337082
4362,-6.19928477114
4363,-6.39242108681
4364,-6.43733067176
4365,-6.33991561367
4366,-6.25277347463
4367,-6.59768206721
4368,-6.68329977078
4369,-6.68399938262
4370,-6.46856704715
4371,-6.48001759441
4372,-6.37057752615
4373,-6.49210480671
4374,-6.59149503259
4375,-6.63265379695
4376,-6.68126056534
4377,-6.68464916787
4378,-6.65610265255
4379,-6.64612989873
4380,-5.72470590499
4381,-6.34461120585
4382,-6.6467792927
4383,-6.68438456759
4384,-6.55472320446
4385,-6.66335804532
4386,-6.64770934022
4387,-6.57168726392
4388,-6.64475442905
4389,-6.68469542243
4390,-6.68476474332
4391,-6.68465554595
4392,-6.68218293896
4393,-6.48181642853
4394,-6.47590103699
4395,-6.265995397
4396,-6.68352995526
4397,-6.28772672716
4398,-6.56708947214
4399,-6.68473779742
4400,-6.68481345722
4401,-6.6844577443
4402,-6.60187292392
4403,-6.68367033089
4404,-6.62230043033
4405,-6.62331125573
4406,-6.6848229133
4407,-6.63827518684
4408,-6.2346144452
4409,-6.68480814194
4410,-6.63389112305
4411,-6.67697938777
4412,-6.68378326941
4413,-6.61990950466
4414,-6.60391728266
4415,-6.67385465296
4416,-6.64682127498
4417,-6.62240099403
4418,-6.5838790722
4419,-6.56439416441
4420,-6.62459300175
4421,-6.68443173315
4422,-6.66529300882
4423,-6.68393235982
4424,-6.68049678922
4425,-6.68063163281
4426,-6.51913422359
4427,-6.68482076605
4428,-6.64657202969
4429,-6.4194304813
4430,-6.63079795028
4431,-6.60881238406
4432,-6.6848229133
4433,-6.68475677267
4434,-6.63698908489
4435,-6.50778690662
4436,-6.62619247262
4437,-6.02133313704
4438,-6.64566698669
4439,-6.68479338164
4440,-6.37997259058
4441,-6.46503303331
4442,-6.68435458207
4443,-6.66189106506
4444,-6.30330499516
4445,-6.66154030144
4446,-6.67917118179
4447,-6.57159454779
4448,-6.6465679736
4449,-6.51473199914
4450,-6.67057765849
4451,-6.61310675162
4452,-6.14561538115
4453,-6.64803339039
4454,-6.61898818245
4455,-6.68153980546
4456,-6.30102556055
4457,-6.68479668841
4458,-6.6651299226
4459,-6.57190375424
4460,-6.59914279549
4461,-6.40090979325
4462,-6.68470985036
4463,-6.6719799275
4464,-6.68479285858
4465,-6.60387059387
4466,-6.68480348061
4467,-6.6843770953
4468,-6.64698072176
4469,-6.55782643268
4470,-6.28169536483
4471,-6.57460446943
4472,-6.68471132897
4473,-6.33253035878
4474,-6.53803101007
4475,-6.68457074393
4476,-6.60797780526
4477,-6.61825722093
4478,-6.67489510817
4479,-6.41812867065
4480,-6.60646952573
4481,-6.68355342749
4482,-6.41070007306
4483,-6.6834543872
4484,-6.68210398982
4485,-6.45983272831
4486,-6.53006639351
4487,-6.26186143793
4488,-6.50725571558
4489,-6.67886061687
4490,-6.42460614629
4491,-6.68481755176
4492,-6.34860860589
4493,-6.1306465369
4494,-6.51572778346
4495,-6.67368433051
4496,-6.67677509099
4497,-6.68479543402
4498,-6.31281174363
4499,-5.90060897521
4500,-6.46451158445
4501,-6.47136694643
4502,-6.39149775073
4503,-6.54892308504
4504,-6.68472411143
4505,-6.56462585527
4506,-6.66354894391
4507,-6.65582861876
4508,-6.68169423209
4509,-6.42143188471
4510,-6.38682763703
4511,-6.15970159674
4512,-6.68273877402
4513,-6.61356203986
4514,-6.63483106214
4515,-6.54978705752
4516,-6.23615578189
4517,-6.06457337325
4518,-6.66091450782
4519,-6.68482290827
4520,-6.68394304243
4521,-6.67496964663
4522,-6.28377216991
4523,-6.34522808529
4524,-6.68061475103
4525,-6.67987589248
4526,-6.30627954248
4527,-6.59821906829
4528,-6.6844371237
4529,-6.53401038245
4530,-6.68480740121
4531,-6.66507767401
4532,-6.28883731188
4533,-6.68377218841
4534,-6.56536862945
4535,-6.47303980229
4536,-6.62587107505
4537,-6.33119549951
4538,-6.41461739896
4539,-6.68482288049
4540,-6.57604042478
4541,-6.68233759162
4542,-6.66911207773
4543,-6.6740616102
4544,-6.62834741438
4545,-6.485067416
4546,-6.68469292161
4547,-6.65174095898
4548,-6.67668552499
4549,-6.55025089955
4550,-6.68481513716
4551,-6.66020058987
4552,-6.62240035497
4553,-6.42385657232
4554,-6.65551691953
4555,-6.66914931327
4556,-6.60093786249
4557,-6.60096092615
4558,-6.65057475336
4559,-6.68481230647
4560,-6.68342404552
4561,-6.68311055094
4562,-6.62693270513
4563,-6.67629787669
4564,-6.46086713526
4565,-6.52047042661
4566,-6.31542050081
4567,-6.47026234242
4568,-6.67554254841
4569,-6.59879949955
4570,-6.51130279899
4571,-6.50804056789
4572,-6.49358228525
4573,-6.3196959894
4574,-6.59117529776
4575,-6.53710699807
4576,-6.66583387541
4577,-6.51395560626
4578,-6.39501923222
4579,-6.42777927374
4580,-6.65553767419
4581,-6.60940281343
4582,-6.68334354294
4583,-6.46394711047
4584,-6.65743882902
4585,-6.49620319354
4586,-6.38611208648
4587,-6.65962821469
4588,-6.0730017284
4589,-6.60233577531
4590,-6.29924205736
4591,-6.6676891741
4592,-6.32708051883
4593,-6.68482199182
4594,-6.5688428134
4595,-6.16482466168
4596,-6.6813661262
4597,-6.67943511676
4598,-6.68131174035
4599,-6.39341609628
4600,-6.5708651602
4601,-6.39438916717
4602,-6.45769568934
4603,-6.67307906688
4604,-6.51864856051
4605,-6.68475796879
4606,-6.06822924639
4607,-6.68477595379
4608,-6.68242219152
4609,-6.67495947227
4610,-6.49517029844
4611,-6.68369368683
4612,-6.23515289751
4613,-6.06091282527
4614,-6.66782011603
4615,-6.50638477313
4616,-6.68340940245
4617,-6.68303761863
4618,-6.23117300773
4619,-6.68443618894
4620,-6.39821936149
4621,-6.6778215096
4622,-6.6835894741
4623,-6.63658754775
4624,-6.5599668821
4625,-6.68396590723
4626,-5.90631225868
4627,-6.6586444911
4628,-6.37649732941
4629,-6.67541328877
4630,-6.64263016148
4631,-6.67643420202
4632,-6.67675896088
4633,-6.68138921523
4634,-6.15755950417
4635,-6.42542064716
4636,-6.10866338131
4637,-6.42713498292
4638,-6.67324062882
4639,-6.43814626885
4640,-6.68225160065
4641,-6.48786189494
4642,-6.6848229133
4643,-6.357723215
4644,-6.67269877968
4645,-6.67032209339
4646,-5.9426441853
4647,-6.54112651736
4648,-6.67135207507
4649,-6.50731490395
4650,-6.68472810842
4651,-6.48261234774
4652,-6.08106448623
4653,-6.6470156559
4654,-6.68394723644
4655,-6.10913100385
4656,-6.43108286568
4657,-6.67642202417
4658,-6.66418481904
4659,-6.67293088683
4660,-6.68419184888
4661,-6.68476371143
4662,-6.42234357647
4663,-6.37305068559
4664,-6.41884725712
4665,-6.5145415026
4666,-6.6822677706
4667,-6.68453781788
4668,-6.64736785241
4669,-6.67576029803
4670,-6.25822377588
4671,-6.6520437029
4672,-6.67958250429
4673,-6.5415102628
4674,-6.65157997244
4675,-6.67799301821
4676,-6.43621898828
4677,-6.66044923468
4678,-6.60968010908
4679,-6.62133506975
4680,-6.6549461718
4681,-6.57030527536
4682,-6.19197799372
4683,-6.59468294864
4684,-6.68099402572
4685,-6.07427347631
4686,-6.56244447808
4687,-6.67656392799
4688,-6.68388895222
4689,-6.50047060085
4690,-6.62311815741
4691,-6.66764544309
4692,-6.55637379671
4693,-6.50710539667
4694,-6.40264490374
4695,-6.68166826659
4696,-6.67515333784
4697,-6.67376399691
4698,-6.68293217738
4699,-6.50567430056
4700,-6.47497412796
4701,-6.46576636539
4702,-6.48190699095
4703,-6.6787446518
4704,-6.60307855598
4705,-6.61567930336
4706,-6.50550812208
4707,-6.68437490265
4708,-6.68100853861
4709,-6.3947955426
4710,-6.66265522085
4711,-6.68427301043
4712,-6.63519127778
4713,-6.42783207936
4714,-6.68320723417
4715,-6.67484549813
4716,-6.47773576819
4717,-6.64533391824
4718,-6.61333628448
4719,-6.67305044839
4720,-6.68445689375
4721,-6.40166388808
4722,-6.68420459017
4723,-6.48595766561
4724,-6.39963183628
4725,-6.58262766244
4726,-6.54170993682
4727,-6.66093040565
4728,-6.68469355244
4729,-6.68351394661
4730,-6.58047370464
4731,-6.68443981936
4732,-6.67917231626
4733,-6.6234973894
4734,-6.67568313479
4735,-6.5712614746
4736,-6.68438012695
4737,-6.5907551219
4738,-6.64644696785
4739,-6.66711352556
4740,-6.47423301024
4741,-6.62987651633
4742,-6.68394124204
4743,-6.59970224249
4744,-6.47766009546
4745,-6.36661969439
4746,-6.68458299948
4747,-6.56046113599
4748,-6.6834593683
4749,-6.68440616815
4750,-6.66675620434
4751,-6.68325058596
4752,-6.68482247599
4753,-6.67475557327
4754,-6.68473383436
4755,-6.68478468856
4756,-6.48220602039
4757,-6.65325116638
4758,-6.63445574756
4759,-6.56182632579
4760,-6.6473980137
4761,-6.66827743579
4762,-6.67538883558
4763,-6.42790578687
4764,-6.68245585548
4765,-6.68433663737
4766,-6.5781457457
4767,-6.29609347148
4768,-6.68458257384
4769,-6.4869080484
4770,-6.64255225541
4771,-6.50548874815
4772,-6.68304762711
4773,-6.46216663469
4774,-6.5625411948
4775,-6.60310434628
4776,-6.68329799656
4777,-6.38080767031
4778,-6.65097450522
4779,-6.55053573219
4780,-6.67753640518
4781,-6.65650887418
4782,-6.68480467036
4783,-6.64844310667
4784,-6.55530393354
4785,-6.56485590138
4786,-6.68426394304
4787,-6.48898932279
4788,-6.39892257559
4789,-6.68479027846
4790,-6.68479015013
4791,-6.65833255145
4792,-6.36597750205
4793,-6.58919409167
4794,-6.56016952668
4795,-6.67098036926
4796,-6.67758983249
4797,-6.6848035941
4798,-6.53852447019
4799,-6.67808582847
4800,-6.6780748256
4801,-6.44287868309
4802,-6.6848229133
4803,-6.63750776426
4804,-6.64113375152
4805,-6.67488680984
4806,-6.64615762198
4807,-6.66204107948
4808,-6.544242943
4809,-6.60100989749
4810,-6.6799870929
4811,-6.44623540987
4812,-6.66015584373
4813,-6.68394954488
4814,-6.65410424557
4815,-6.6705384051
4816,-6.68287448653
4817,-6.55260741284
4818,-6.44950316613
4819,-6.64204064294
4820,-6.68482291293
4821,-6.6441689495
4822,-6.57902677214
4823,-6.67886242599
4824,-6.66329095226
4825,-6.67834844294
4826,-6.68320319682
4827,-6.68124425374
4828,-6.57460302378
4829,-6.47054700717
4830,-6.68407938365
4831,-6.65072535939
4832,-6.29858086706
4833,-6.63334915967
4834,-6.68472856436
4835,-6.53191723223
4836,-5.97232406638
4837,-6.5715463058
4838,-6.6848195855
4839,-6.68419045415
4840,-6.57745186985
4841,-6.56449456011
4842,-6.61353367552
4843,-6.68235386125
4844,-6.6768309744
4845,-6.54489360356
4846,-6.61565385181
4847,-6.64148492764
4848,-6.32126768981
4849,-6.63937221889
4850,-6.68051471855
4851,-6.53363197882
4852,-6.61050653301
4853,-6.52206056749
4854,-6.61677758423
4855,-6.6523117279
4856,-6.63498157059
4857,-6.67089847178
4858,-6.67886766991
4859,-6.68439486722
4860,-6.66505724789
4861,-6.26045688709
4862,-6.66982087851
4863,-6.6568271603
4864,-6.68481803564
4865,-6.30251819989
4866,-6.60437099338
4867,-6.68463829012
4868,-6.60074975805
4869,-6.68466858888
4870,-6.4256688323
4871,-6.67599801333
4872,-6.66449057579
4873,-6.68374760776
4874,-6.67379706696
4875,-6.5022457895
4876,-6.6848229133
4877,-6.60416228476
4878,-6.67586952267
4879,-6.68481631257
4880,-6.68482276322
4881,-6.5913052552
4882,-6.68342260105
4883,-6.60130371442
4884,-6.64269040347
4885,-6.5618723544
4886,-6.40305911806
4887,-6.68482291328
4888,-6.31556300555
4889,-6.51515729916
4890,-6.6848229133
4891,-6.63745087496
4892,-6.68363103723
4893,-6.40413109574
4894,-6.68289221259
4895,-6.6027183477
4896,-6.2985704798
4897,-6.68466866088
4898,-6.68474535246
4899,-6.68467934665
4900,-6.17575207337
4901,-6.68481728888
4902,-6.62391792681
4903,-6.29885656333
4904,-6.60771939401
4905,-6.68466875028
4906,-6.68445872541
4907,-6.68482115637
4908,-6.66716045061
4909,-6.37484976832
4910,-6.67122064375
4911,-6.68349857875
4912,-6.26615737074
4913,-6.68469550973
4914,-6.66184945582
4915,-6.54822613044
4916,-6.63988282859
4917,-6.65090475735
4918,-6.4623313629
4919,-6.61501418308
4920,-6.66782677092
4921,-6.60276562119
4922,-6.68466150176
4923,-6.68463562529
4924,-6.62969199884
4925,-6.6848008516
4926,-6.61919260019
4927,-6.27954500196
4928,-6.68481225891
4929,-6.57118267778
4930,-6.68413713512
4931,-6.33070001699
4932,-6.6691975227
4933,-6.47350895887
4934,-6.61700933376
4935,-6.51289508816
4936,-6.67458842145
4937,-6.68456316813
4938,-6.67687604672
4939,-6.66029174075
4940,-6.46164744397
4941,-6.68033818714
4942,-6.68470891167
4943,-6.68005274111
4944,-6.56272438781
4945,-6.59293559658
4946,-6.33892276767
4947,-6.66399294564
4948,-6.46826983388
4949,-6.48452236959
4950,-6.68222389774
4951,-6.47591998008
4952,-6.56739001702
4953,-6.43426076356
4954,-6.63231494729
4955,-6.68477902718
4956,-6.6846846859
4957,-6.34686454058
4958,-6.35643663901
4959,-6.56229797515
4960,-6.68232237785
4961,-6.41178297009
4962,-6.50454485515
4963,-6.64070127821
4964,-6.55153595706
4965,-6.6848229133
4966,-6.61701550624
4967,-6.6848229133
4968,-6.68462876798
4969,-6.67883527203
4970,-6.04998019711
4971,-6.67798215671
4972,-6.62837038378
4973,-6.68155082359
4974,-6.43539435506
4975,-6.58912528092
4976,-6.62749521104
4977,-6.68271584947
4978,-6.68454686358
4979,-6.68132987286
4980,-6.36800063538
4981,-6.52371673113
4982,-6.63479295277
4983,-6.68049159398
4984,-6.66001067833
4985,-6.67066576576
4986,-6.49905263633
4987,-6.64619771604
4988,-6.67389752335
4989,-6.57569191079
4990,-6.55680149023
4991,-6.58658470159
4992,-6.63917396478
4993,-6.39677748107
4994,-6.65097750493
4995,-6.68291080102
4996,-6.59934317916
4997,-6.68138876839
4998,-6.67008508964
4999,-6.61365548558
5000,-6.68118750575
